-1.4430060546241252 -9.756214891055468 NaN -3.371682876612386 NaN NaN 0.5438752457899654 0.7967164137667363 NaN -3.334940042786901 3.090307638245517 4.888269890974986 NaN 4.490339990354056
-16.720606182894258 5.87358234993753 NaN 2.5895086156983638 NaN NaN 4.1372236595412915 -3.9931361710374143 NaN -1.09732831588983 -0.5842553569028124 4.735766966207591 NaN 3.7524738153922574
3.753027066849343 -14.607346386874333 NaN 0.4834294819635028 NaN NaN 0.5137402802504336 7.3401464365110485 NaN 0.6071310100561645 2.060385472768619 3.987305388501492 NaN 3.712001315534184
-0.4866089347349719 -12.175136962008189 NaN -4.1245029911078515 NaN NaN 2.9913189844003427 1.7948551984535295 NaN -2.5382556605670907 3.51644050620853 4.044682984478666 NaN 4.402851832911281
4.561377194254143 6.853506695840897 NaN 1.4392602928110112 NaN NaN 10.309306818260037 -5.904279635188188 NaN -3.2507655350900655 -1.9589020437813458 0.6708996691903841 NaN 5.2016688928132675
7.11100899077054 -14.099552562677058 NaN 0.8756812867141576 NaN NaN 5.434598183159712 5.286907023867013 NaN 3.783870049556425 9.760287839875465 3.348133857591776 NaN -1.0627819456967673
7.631689871123425 -20.140619990776223 NaN 5.215635679631151 NaN NaN 1.559870164725841 5.874609246235331 NaN 2.9882854752697137 3.4667168034828815 4.623534834457265 NaN 3.2854932507346337
-2.2792285361618414 -9.612140800045468 NaN -3.3493433416397034 NaN NaN 9.518347501330778 1.485998172034338 NaN -2.5055403781570917 0.9872660057155328 3.4023948413605605 NaN 3.6542897763201694
-6.117007583629487 -9.915972269377912 NaN -5.24122104391147 NaN NaN 4.763044806101792 1.4048208813073222 NaN -2.7761625168054223 0.12139247222298011 5.031166589520451 NaN 3.237008575203126
0.34366735433459306 -13.159581079650517 NaN -5.4416277739510095 NaN NaN 6.333313260819955 0.4812484668531015 NaN -0.2755528808132695 2.415431208178667 2.2404398509718044 NaN 1.6702697724467905
-6.022363318205249 -12.688372385344321 NaN -4.72373205550789 NaN NaN 6.301005240700472 0.8993415959967503 NaN -0.9024759308252143 -1.0865973283907453 6.620418776493839 NaN 7.878726267574859
-6.217879289609734 -9.878439106735918 NaN -4.928712826900212 NaN NaN 3.121833091493299 0.6329871247391603 NaN -4.294779573016802 0.43188927550924355 2.586537217539628 NaN 4.725213961482593
17.258547046523613 15.470901910041306 NaN -1.7761826744620755 NaN NaN -0.5105556970764888 -0.4697225341933694 NaN 2.157217869807507 0.4067126602683948 1.8125818178451538 NaN 4.0711012963381945
18.193477653938746 15.174027449540068 NaN -2.7031022952148174 NaN NaN 1.302972273071501 -2.3887564358094453 NaN 0.08924590949439787 2.4488320421101917 1.431522816628052 NaN 3.4669077575497225
16.861754450692892 16.6997564639017 NaN -1.2018020417615487 NaN NaN 0.12261492990363967 -2.1316021487216577 NaN 2.4449243334065605 -1.1175903502103628 1.2439636657317275 NaN 4.468918830754069
19.308456180265424 15.438787423689458 NaN -2.5186167279315717 NaN NaN 1.255856664088072 -1.2738098211761135 NaN -0.07125441927858135 4.007043738248492 0.6311861607012644 NaN 1.6334131446410056
17.60198188602677 15.532988259783933 NaN -1.0726416464929873 NaN NaN -1.683082420802099 -1.9685944749948154 NaN 2.287300025233073 1.046290487338234 2.8855191008611074 NaN 4.936079254527381
17.90274407341926 15.85954912641986 NaN -0.4355879190383496 NaN NaN -0.03393081198515768 0.6095425571992431 NaN 3.9986516186403467 -0.9249236245183945 2.4984221779749 NaN 2.100469459553019
14.212683789634584 14.22202465724385 NaN 1.5190901647002248 NaN NaN -1.1243913279196616 -1.5972449515627059 NaN 3.0330910108549514 0.02604779385906002 -2.593501610621231 NaN 0.7376874828392534
23.00995354104984 16.498888060522635 NaN -3.014365271073858 NaN NaN 5.213840916233469 -0.8585002874531621 NaN -2.9560817517565465 3.789816311985818 5.484661834553283 NaN 5.791595092772233
18.968253710042323 13.24036436512 NaN -1.9426422712671985 NaN NaN -1.362585846852476 2.174441497670648 NaN -0.02551900357086516 3.104129151777036 1.3877368102781056 NaN 1.3913126436149088
17.476994188811744 14.356481156559791 NaN -2.688228322024402 NaN NaN 0.03584056148589512 1.1957243052200897 NaN 1.220887629338392 1.3198591607027523 1.3576552073879324 NaN 3.2605555661055345
16.37663405303848 16.329627543905332 NaN -6.446445487967384 NaN NaN 1.919848820893876 -3.8594185280182614 NaN -2.1803573151754687 3.740099889319124 3.150923182407921 NaN 4.701860159658164
19.034780038785097 12.6618071916656 NaN -6.92951728595577 NaN NaN -2.5293001784452116 -2.363967548510244 NaN -1.0972432587780587 4.620605825107404 3.0778333606371953 NaN 0.8415047127926675
-11.7291480611702 0.9676886669091467 NaN 6.825478552308008 NaN NaN 1.4585989850943493 -1.417870137885234 NaN -3.213974494336061 2.320860300698738 1.6020543352872834 NaN 0.45852795939100327
-8.586039902072635 0.44009913621353236 NaN 7.466695570759139 NaN NaN -5.2726408828070355 -4.677595927090511 NaN -1.36039392369424 -4.489672458749657 -0.00797017073499412 NaN 2.5845896208157666
-11.7166836160518 3.336519920128119 NaN 8.513736647350028 NaN NaN -2.387350876928517 -2.935863739088032 NaN -3.545295283975427 0.21196062578888422 -0.967811899275084 NaN 5.615556910554309
-11.028491254669703 -0.8874876056366338 NaN 7.1082072053701975 NaN NaN -3.7442637438802877 -2.033874276757945 NaN -3.061727618216595 -1.8749452376620122 0.922793848969612 NaN 2.707793811450332
-12.7068967980114 0.27967911776201115 NaN 4.942698102949379 NaN NaN 1.3805726074153835 -0.6476812484039778 NaN -1.9954025338636199 1.1401906760537945 1.9637443314360712 NaN 3.387031006262402
-18.18098600712891 6.399185888955226 NaN 6.5690585723864965 NaN NaN -1.777459257893695 -1.717074164513936 NaN 0.21447086398034113 0.4166662658892259 0.4012861115571514 NaN 7.8027617095413415
-16.711410328495187 2.5714222771001465 NaN 6.60384829097852 NaN NaN -2.3019787353393757 -1.9612215647275788 NaN -0.5093612855265202 -0.3873279647755602 1.412793471640963 NaN 5.8876288968422354
-18.075816267067673 1.824806262926258 NaN 3.310956218589918 NaN NaN 2.2722140008509997 -0.9987629706030636 NaN -0.7061185218335728 0.06949424559011137 4.427807820537421 NaN 3.7869160582814967
-8.177261206850405 5.27245110040911 NaN 7.342775936650989 NaN NaN -2.8752243055765123 -3.6046099587223313 NaN -3.642080522676204 -2.504882130049656 -2.8446867422816973 NaN 4.635139865385945
-12.626908778243937 4.98540349299775 NaN 6.899990960887749 NaN NaN 1.679193494212854 -2.4728884675865657 NaN -1.2950416948101149 1.577327756556741 -0.1063952198611054 NaN 3.3451442392544517
-16.3628419633339 5.924791955419001 NaN 11.82481935851755 NaN NaN -2.9588892374170586 -4.857408450794349 NaN -2.338613369458006 2.8055991189596656 1.193591150714374 NaN 7.731275654238009
-16.0208869487957 3.5655777977259415 NaN 9.441135589504501 NaN NaN -2.908104047253557 -3.7334012917470942 NaN -0.9049659209188027 1.5965339887621908 1.2079296860755655 NaN 4.601528500366373
0.4166574736843714 -0.779763781291542 NaN 1.2110669560334841 NaN NaN 0.4570314545426452 -3.2930673670867243 NaN -0.14728497683268324 2.7185834343685835 1.9816177546137452 NaN 5.081645904179234
3.0824631886898275 -1.0794410569937922 NaN 3.7709752019547227 NaN NaN -0.558245681559173 3.649758051243827 NaN 0.0921263625808157 -3.2261725454300403 2.0792096263885473 NaN 0.7065240547362552
-0.35950342339400265 -3.105697867532468 NaN 2.8223644926194793 NaN NaN -0.1341057798188251 -0.07655352550374125 NaN -2.047253685353977 0.8684276353305317 3.545719536712631 NaN 2.87264992670858
1.027649832327556 -3.6674127143705126 NaN 3.4810169191570384 NaN NaN -0.7602181812907362 4.190420227417262 NaN -0.7254284646378442 -0.5998832374862436 3.1040184763551526 NaN 0.308330649183484
-1.7526971586161846 -1.4598580601743967 NaN -1.453140440484096 NaN NaN -0.053086358111723714 -4.23697889745507 NaN -1.2051083999537713 2.633092120447306 1.9270147216370135 NaN 2.9248842065866385
-2.3100119979344242 -1.5227815652703545 NaN -1.164689707418644 NaN NaN -0.18600265729659013 -7.3734741351399204 NaN -1.4489689270872326 2.650651925234699 3.667787365292124 NaN 4.703712825241846
1.2564764317034067 -2.7693629105511284 NaN 5.0429416813093715 NaN NaN 1.3088487206496293 1.8111019234584624 NaN -1.235347174977296 1.5087220166428157 6.023900951270387 NaN 3.2319179125852022
1.8739739679663305 -3.56690191299138 NaN 5.38792422916837 NaN NaN 0.10946021933915352 4.151736256870044 NaN -1.088173460805358 -3.100366713310214 4.3992906126258635 NaN 0.7880887027240324
-3.584767014015817 -2.328359173500831 NaN -1.2144571594857674 NaN NaN 0.5335358168896497 -6.164095702450391 NaN -4.7982117332933445 1.5557237470943739 1.6125766430952533 NaN 5.210648774892585
5.517620879307948 -3.6046112638439163 NaN 8.118342539111982 NaN NaN 2.0392087051762187 5.687197136656811 NaN 0.7472422482161629 -4.387272168195811 0.9581545491506713 NaN 2.5618474482024873
0.26924342382289684 -5.036611065571099 NaN 3.5607590834365426 NaN NaN 0.40872207622971907 2.5444596560372124 NaN -3.0232950733670054 -1.024017170111735 3.0514827202049872 NaN 1.7587871451254284
1.6573548117017047 -0.8642462199890906 NaN 3.8818982593102773 NaN NaN 1.3468432433531647 -0.7746331009176397 NaN -0.03888298577887484 0.3621827521747655 3.654333331727678 NaN 4.465688605764745
-6.112677139972097 4.860399091741534 NaN 3.3126279408907826 NaN NaN 6.13748110710025 -2.414342128922612 NaN -2.9226894991552204 0.9889947382262344 -1.3647234159536727 NaN -1.2776238276241136
-5.601303930096574 5.957767787005783 NaN 3.563850283507652 NaN NaN 3.995711107594486 -1.8924813001970522 NaN -4.720161290712866 -1.9130632798785911 -3.0891965276585367 NaN 2.5417170365294366
-9.99492456513219 4.554460890696105 NaN 5.678611991739898 NaN NaN 4.870181977124256 -3.453254458948578 NaN -1.038794670414338 0.9887868330665399 -0.1339974159763228 NaN 0.31050934313530726
-9.716533445975724 2.0155259328857973 NaN 7.130371342096315 NaN NaN 4.544147601459939 -4.048308049458629 NaN -3.26732357173291 -2.614679400562782 1.42790757511607 NaN 2.175216391324417
-6.119626435596106 5.656498249488232 NaN 5.308401711615927 NaN NaN 7.2954502158821235 -3.474073695714253 NaN -5.182852693087627 0.9607227169138366 -1.7816143047898738 NaN -1.1727764116693296
-9.967971223083287 2.6969217397981002 NaN 6.167488165492674 NaN NaN 5.201942288069595 -3.945407283771682 NaN -2.9428482974645305 -2.6132489994010846 0.38798795342343384 NaN 5.680113973200756
-7.921877755836123 6.817420145856524 NaN 5.772643930220584 NaN NaN 7.851044755936962 -4.485422959287864 NaN -1.920162560044413 1.6205638938671858 -1.0743438770680607 NaN 0.06318674198186472
-10.434267100532146 7.6273034439184615 NaN 4.706731356498539 NaN NaN 9.645248659385432 -2.0521643865097783 NaN -2.2562869521167612 -2.4084989736298135 0.3015309664684165 NaN 5.838434803758701
-7.833874400667132 7.696784679267691 NaN 6.718748590288608 NaN NaN 9.751577951575072 -4.09460293926119 NaN -4.148597271701791 1.5390402392994158 -0.3738663634240309 NaN 2.613214400552837
-12.785740717018104 5.417111855096297 NaN 4.903950141991149 NaN NaN 7.204824418340937 -1.8118532279373005 NaN -0.5204373533872556 -1.3400081515485358 1.3825658277068018 NaN 5.003207542518238
-13.974170073464919 6.227700733960893 NaN 2.7180153078109233 NaN NaN 10.132827205489548 -4.445713637380678 NaN 1.446087352251664 -1.8314164219022533 4.039341142859184 NaN -0.03377795733459529
-11.627873405003912 7.109481769970511 NaN 2.777302749018431 NaN NaN 10.110943164505331 -5.032242721515759 NaN -0.8955002665019081 -3.765570116385378 2.899989732951285 NaN 3.4359580365404447
12.976979141927387 -5.837718073338424 NaN 4.375203372947352 NaN NaN -5.2148607329458025 -0.27213832544350613 NaN -1.4983090532271421 -3.2263014928386284 -3.1382934749144984 NaN 7.731509046031029
16.950623199617986 -7.642197883753168 NaN 0.9240579550911528 NaN NaN -3.4625122063777027 -3.902304551095675 NaN -5.438617599187905 -2.991970492355632 -2.6648741664587248 NaN 6.1458459416322855
18.84879403297726 -7.278899994158002 NaN 2.370927402421443 NaN NaN -3.698763415909179 -2.204125590364094 NaN -6.19280895318921 -2.303562696975147 -3.604885220113036 NaN 5.000302730676487
16.799487387006092 -8.1609284924378 NaN 1.3253754548643486 NaN NaN -4.309916506777846 -5.736925397242793 NaN -3.0465320222435417 -4.866597405982608 -2.0896319886185597 NaN 5.674848374220218
11.725736666033644 -4.803973392815443 NaN 2.917031043595397 NaN NaN -5.301272853299787 -4.127064590650494 NaN -3.1928801644956213 -2.932276384087399 -2.2845274120118133 NaN 9.173385064468372
12.224532262483812 -3.633845388864615 NaN 4.024575465261358 NaN NaN -4.265285349684009 -1.8104502406858434 NaN -2.0376175426014176 -2.8598621652864074 -2.4193269966865447 NaN 9.889605841140703
17.47676277550351 -8.027813394356988 NaN 0.7330604720663034 NaN NaN -3.640398754910956 -6.333837158998847 NaN -5.508689621398408 -4.285329135859279 -0.03893728891743245 NaN 7.210775171570307
14.780112889428308 -6.099488221819587 NaN 4.163598519050999 NaN NaN -5.40881180552667 -2.939096773117655 NaN -3.453703246714576 -2.4881089727260153 -2.6464362962564514 NaN 8.280483082178613
19.377851471953214 -8.328701763562007 NaN 3.06081286983361 NaN NaN -4.399363981478411 -2.1595615490572 NaN -5.490574536892222 -2.7364963756623273 -3.265711058707241 NaN 4.3613507481238445
13.20308150664982 -7.015140745180811 NaN 4.355260827747194 NaN NaN -5.398211853886902 -1.333736887471084 NaN -4.56339743424715 -2.8383328108064645 -3.441185994409927 NaN 8.2388977196377
16.47142633681665 -4.814615217745083 NaN 2.937498796624929 NaN NaN -5.253807273159373 -1.9919099551519681 NaN -3.5483258542878824 -2.4649876790460232 -3.280080247404451 NaN 7.428754289822969
13.581276405404688 -5.94938928627483 NaN 3.6923646895901916 NaN NaN -4.754561693429152 0.024161621123401998 NaN -0.9266886982069161 -3.117985791192398 -3.0035222991390143 NaN 7.428457794744871
-7.332810386584796 -4.3269455956982075 NaN 6.095311635962073 NaN NaN -0.058143157231047585 -3.8082190954165758 NaN -4.914256429444045 -5.793953533151224 -0.45466606622756534 NaN -0.10690521715339366
-9.973768249812835 -1.9954658389233204 NaN 7.822595889272407 NaN NaN -3.017828582966289 -5.47600442646867 NaN -1.2073606131450043 -5.241961003266285 0.02804089058195222 NaN 0.46192553176728296
-6.997613989461411 -2.190431438864737 NaN 8.040395863947957 NaN NaN -1.7969485128856963 -7.666524818704819 NaN -1.8975540251918828 -7.200215743981449 0.021028414067917223 NaN -0.660484062959095
-7.270552055619588 0.6060181225784275 NaN 4.237345806301997 NaN NaN 2.046174026811789 -0.9966857752895184 NaN -5.544445021079236 -2.6386204704190472 -0.6954641504109264 NaN -1.490249557122546
-5.591516224415529 5.93293274694646 NaN 5.537933028166555 NaN NaN -0.9548306161180555 -3.895838192688086 NaN -4.519256934481588 -3.0622849862728025 3.7517179965567444 NaN -3.202557461282641
9.57370682505091 -0.7446904980417525 NaN -6.265693454025444 NaN NaN 1.4586570765601052 -5.492817456724991 NaN 4.363906030693197 -7.437426730117462 6.3543196955662635 NaN -0.5103616620720834
-6.916289916847531 6.337355821840671 NaN 7.674014179769123 NaN NaN 1.4728418974374773 -3.920123617640854 NaN -6.525178394520842 0.40689303226744483 -1.114799291373993 NaN 0.33812743671892137
-6.854374085660859 -1.0687952229738555 NaN 5.826746185510242 NaN NaN -2.5230436481520626 -4.516921339629126 NaN -3.299079852310048 -6.176718566001521 -1.9098443814646366 NaN 0.7671561009786668
-6.259576585110037 2.0034134277306737 NaN 6.955286650891701 NaN NaN -1.1759860327706795 -6.533342728580085 NaN -2.9186431952392233 -4.976875547153851 0.385950696498562 NaN -1.669130246121339
-8.71438376813113 6.282380527257196 NaN 7.822883322570148 NaN NaN 4.397518798515206 -6.729763786115395 NaN -2.460092878220329 1.3233687342963802 2.591057140681606 NaN -4.170875789220876
-10.25504372500612 3.253559327325136 NaN 9.589032239580854 NaN NaN 0.18457621507888516 -7.693718918114632 NaN -2.314893516737218 -0.6392724714716231 1.461867843360956 NaN -2.0532251700907453
-9.481368805820678 -0.7029485745804236 NaN 7.828667665721704 NaN NaN -1.0486738869749546 -3.696221368802307 NaN -4.745268795085742 -3.6633064377813507 0.02165451764444437 NaN 1.673763454729489
0.6080972837989927 -2.8954511207958173 NaN 1.1169777547496358 NaN NaN 1.6353933052847467 -4.076712895945967 NaN -2.1391304853818913 0.24778189799856096 2.2166528431202672 NaN 2.184645901101028
-3.602984660029739 -2.246487459098077 NaN -0.12646729135051216 NaN NaN 4.1499715503338175 -5.8470587148780755 NaN -3.503875624209576 -1.625044660729689 0.6421048375489052 NaN 3.3360359876878944
-7.062552324996931 -1.732574104083485 NaN -6.0740295051009925 NaN NaN 1.1537974778518227 -9.491434964136628 NaN -5.62629284935286 2.074277245377953 -1.661057472270901 NaN 4.137265550650547
-5.144732479633662 0.7319993300572324 NaN -6.169349810902997 NaN NaN 0.957705646543417 -9.237590940510378 NaN -3.4707596586128253 3.7091460545450112 -3.1662177714667266 NaN 5.111003174067367
-2.3415969578912508 -1.1457389488268075 NaN -2.3193376540175157 NaN NaN 2.6190944563235874 -7.505942085868843 NaN -0.49779531265847604 3.8886314636582187 2.1097692850491505 NaN 1.7604654180290455
-1.265851775952342 -1.536105629599399 NaN -0.6013538215798588 NaN NaN 2.6268283669273633 -6.680232479072663 NaN -1.8669158477926362 3.3605748803736084 2.5229224216744415 NaN 3.6724506474443244
-3.9546533597454876 -1.502541354998511 NaN -1.3410434670368516 NaN NaN -0.8096641422937816 -7.08727156756102 NaN -2.153891522408485 2.661000374655765 -1.324984430705872 NaN 6.540822875653843
-1.9890343823322225 -0.9402296385254789 NaN -3.6537903771094156 NaN NaN 2.8046144362069967 -7.114439255811739 NaN -0.8265839206733535 4.180913736417596 -0.3748410712625968 NaN 2.1887856422119754
-4.792937614447081 -2.592318731808418 NaN -4.168276172528999 NaN NaN 0.9352731025679951 -9.334281146595687 NaN -4.7711639045399465 1.065238820916613 -0.3190670813024427 NaN 4.41620073480833
-2.1619472469201124 -1.0906849853425473 NaN -2.001523730441185 NaN NaN 0.993837178596676 -7.908337290823755 NaN -3.3287880807135255 3.44044628823051 -0.3261096482454987 NaN 4.448091661688139
-0.9742299319023855 -2.7997685611017715 NaN -3.519874048771364 NaN NaN 0.4437921790712903 -5.428836109360722 NaN -0.9444849723726948 3.9530983007216984 0.4469219137927286 NaN 3.378903536878352
-7.389764715534664 -3.4413216951045036 NaN -3.3643686057160895 NaN NaN 1.6294216465765319 -9.555127015643702 NaN -6.432000653069972 -1.309161428453139 1.0996299711703001 NaN 4.3635469861722616
-7.389764715534664 -3.4413216951045036 NaN -3.3643686057160895 NaN NaN 1.6294216465765319 -9.555127015643702 NaN -6.432000653069972 -1.309161428453139 1.0996299711703001 NaN 4.3635469861722616
23.69645188992155 -12.520532225765061 NaN 3.1488535541771294 NaN NaN 2.428720576914048 -7.127124577840134 NaN -6.887019095333397 0.01470451914529057 5.336938701463955 NaN -4.568396798841754
24.843098677503942 -12.47887289843755 NaN 4.105011705563666 NaN NaN 3.587970258991721 -9.942177574396617 NaN -8.445020017501138 1.6127059685919303 6.123428688697679 NaN -2.4848871797699195
10.857674769716846 -7.00295316149228 NaN 7.70987438235729 NaN NaN 0.14759989105542626 -7.6039298976205805 NaN -5.818789043218486 -1.8852654825089057 3.1192559693891857 NaN 4.023822358643651
14.691347071013078 -7.629652579347055 NaN 3.392416187960306 NaN NaN 2.944941435638949 -11.919302000070191 NaN -5.317521922965722 -3.5736000575165394 7.235501967814568 NaN 3.2563484273531125
16.38030917603905 -8.951316527963808 NaN 3.8474640834118543 NaN NaN 1.9970083296293109 -10.611017278516758 NaN -4.123506458937639 -3.209194943695311 5.286195085857409 NaN -0.5565260999668677
13.870349583215917 -6.4567538019205575 NaN 5.9793756901516995 NaN NaN 0.67914179869417 -9.99791548797353 NaN -5.2065481026952085 -2.8730769644420353 3.779094268964659 NaN 1.0859776976110442
12.387887603027997 -7.004518986277706 NaN 6.574984915688948 NaN NaN 0.6377606675335493 -7.084580068727049 NaN -3.9634045412782606 -2.290174398391018 2.104755148532735 NaN -0.7908116781909096
6.743168012756042 -8.82404630090653 NaN 6.838491557977134 NaN NaN -0.8629039165007455 -6.6778390122559985 NaN -3.5799949858878093 -3.4956981269656544 4.174153703982387 NaN 3.9077825830447828
18.03136871663062 -12.765614098582178 NaN 9.405241912040015 NaN NaN -0.018360568341821898 -1.0117005932538958 NaN -5.000805990161924 1.2646844172601375 1.5896260548307872 NaN -5.875289137404552
17.138290866837878 -13.16623989858485 NaN 10.094741194583486 NaN NaN -1.0650039831758549 -2.639379593699505 NaN -3.976601494089815 -0.08259921938689761 2.484091382803713 NaN -4.746937202674052
8.332474758499917 -5.382959277926798 NaN 8.376201425233408 NaN NaN -0.5324619151018944 -4.281670727496778 NaN -5.09163237736767 -0.9066405282212919 3.862251847075559 NaN 5.496684425943508
8.870267452973932 -5.510561262582606 NaN 8.691864527031743 NaN NaN -1.486365273927066 -5.655810799996897 NaN -4.955297375175454 -1.3385866356392653 3.8401547061183354 NaN 3.478751338969647
-24.837588613432484 -5.256216248266333 NaN 2.8514692342645973 NaN NaN -8.472920138849815 1.7349269482889662 NaN 0.07318870306225779 -0.6847572548314564 4.216079748073716 NaN 4.748004920963276
-22.815907116643043 -14.839960102210224 NaN 1.7452740701293281 NaN NaN -7.399033501871034 1.3777719243115554 NaN 1.9807674634655736 -2.415997191535251 4.244643542165638 NaN 7.955887803474549
-24.99043929195564 -3.5856833035298967 NaN -10.366195990241403 NaN NaN -3.157726904569507 -3.009231949546205 NaN -9.830731451324771 -5.453315085400027 0.007043202985579561 NaN -1.533362547279363
-27.686181241933532 3.029896024680978 NaN -3.1692973961163866 NaN NaN 0.5667674504583069 -1.5608376105922013 NaN -5.63475951956718 -2.933117580480182 4.379796995211146 NaN -0.1973628347384352
-20.78385353132237 -7.767026732051282 NaN -1.3526870162116738 NaN NaN -3.6087929297405226 4.295040743470781 NaN 0.8872763773864484 -2.2170516718458395 4.343933355944416 NaN 3.663337467508765
-25.742349688698155 0.39650423900375875 NaN 0.6380359051971423 NaN NaN -1.5756315270389794 0.5886998530290556 NaN -1.710248397009869 0.3541304615953351 6.091889262447918 NaN 0.3076304524912669
-18.9683117377146 -6.126291469961826 NaN -13.370688812625101 NaN NaN -0.459381258191665 -2.0837272666267976 NaN -9.979753177134151 -3.450802540607035 -1.7398287219878712 NaN -0.5626264767586471
-22.007301627041908 0.4352316891980248 NaN -8.324965180924194 NaN NaN -0.5475042693663441 -1.5403944611007003 NaN -8.30906209682569 -5.738193211786702 -1.78143345095679 NaN 1.5836185736265518
-18.921709180515347 4.525104919812285 NaN 3.2182403673512283 NaN NaN -0.9118319425317707 5.733551350249758 NaN -1.345659737418163 -0.270894190736548 -0.32963530715846867 NaN 6.311271649637562
-31.750947795824555 -4.444495009536299 NaN -8.543821638119283 NaN NaN -5.117902704402264 -4.602438374257051 NaN -5.414557232830207 -4.18660382612539 4.272445415454424 NaN -7.201018416251998
-11.685655769315424 7.494725422437367 NaN -4.376111208159838 NaN NaN 4.686527162505262 0.17469114648269335 NaN 0.45838938320664446 -8.419263319825511 -3.45604890146614 NaN 0.9077584631156873
-21.558656903072002 -5.823293008644033 NaN 5.303562201902798 NaN NaN -7.5409103600895415 2.244193230013499 NaN -0.7003188588159702 -0.7890261898404843 5.968709718715444 NaN 5.2387377095389285
3.1225746105597234 -3.609111823062295 NaN -3.315139090046089 NaN NaN 6.068575912231618 1.45148080926511 NaN -6.032742006078492 -6.688245291824127 0.46595133201158406 NaN 6.028306315934583
4.569672147152349 -3.7557929504749623 NaN -5.819149301479192 NaN NaN 8.143502793542707 -0.461576887568478 NaN -4.24184276967295 -7.1022405460911395 2.9812480195195588 NaN 3.5914041925961704
9.293567852254194 -6.517267700365041 NaN -10.614994212392041 NaN NaN 15.391223408452559 -2.655485288918796 NaN -1.8832235620563318 -2.1246124470087473 9.304628250931382 NaN 4.976659620340261
0.8447036837708294 -5.029984828880971 NaN -4.215431460356111 NaN NaN 6.069051736687269 1.682896229826711 NaN -3.9290889933175523 -7.694773263118245 2.084793374635936 NaN 4.4081995400888285
3.982048557387887 -4.458029786310428 NaN -5.808221490480778 NaN NaN 9.74421631444467 -0.154560634504332 NaN -4.8686635252022965 -5.859442136911536 2.8505873983323133 NaN 2.8623353261221713
6.140939964841476 -6.850551633994501 NaN -8.335739584786957 NaN NaN 9.561648193877387 -2.958768438912357 NaN -0.27418176633325286 -7.637548517359432 6.416033517703553 NaN 3.47884191796317
-0.5283060054099207 -3.827006664482655 NaN -2.6824118364960126 NaN NaN 5.953206685103967 0.28922354916400994 NaN -4.712131359160325 -5.638035230751174 2.172070523207718 NaN 5.736555479021644
3.3391595299508015 -6.567064554864331 NaN -6.817498588358482 NaN NaN 10.366015574569628 0.0701812072428528 NaN -3.1420486517860384 -6.306137807228876 3.8897273406535406 NaN 3.3569514797535907
1.3782589707988058 -5.038600865375458 NaN -3.891537242009428 NaN NaN 9.238174589115516 -0.9244733014094016 NaN -5.63419989601217 -4.994623416298397 2.6865665328963417 NaN 3.6868454707137803
5.699551135784156 -1.2656809665141453 NaN -7.953136606194881 NaN NaN 9.860258585338562 1.071414402868156 NaN -5.925081946232585 -2.6355547339544936 5.329403287566725 NaN 5.11409368419577
2.6711372275478973 -4.467967965043248 NaN -6.563124871710617 NaN NaN 8.169149369009666 1.2093907194691247 NaN -3.222829350716233 -7.101797496500826 3.527933184733293 NaN 2.2855131742990658
-0.5794357020731206 -5.322378607837671 NaN -4.121875768660815 NaN NaN 7.133747598445323 2.539467238818742 NaN -3.6995737453945146 -7.0206083549073846 1.6972127927025056 NaN 2.2674522026735318
-7.348013328074739 -3.9250670768705875 NaN 0.03592055320549959 NaN NaN -4.512690523149564 -6.804284382912953 NaN 6.534429226443029 -5.394182805724859 4.038619249512091 NaN 2.814605526781096
-5.888744709809932 -4.362387029687297 NaN 0.8161125287530406 NaN NaN -4.9763123782227625 -6.195702658517415 NaN 7.228286890696629 -6.401286354915217 3.3525998894741837 NaN 3.2576546904621555
4.3048703817396134 -2.5869128578724974 NaN -3.7319671262695553 NaN NaN -0.3108869862077322 -7.208718253080263 NaN 8.085896201700399 -5.745072488678482 4.056321027590763 NaN 0.8342142835766542
-1.5248540075116304 -7.365321964599415 NaN -0.9099467421682499 NaN NaN -3.5295074469758156 -4.725522427996052 NaN 6.692153746179094 -6.317236378546177 3.779169891482623 NaN 3.064801159651333
1.5859788151254302 -9.52002114538454 NaN -5.937035122440917 NaN NaN 0.7061767183601789 -4.520845125668965 NaN 10.839600297488387 -5.6629813869577506 4.493753770116661 NaN 1.6725984106238394
0.6948224188149579 -5.424722464285891 NaN -3.4823739781390954 NaN NaN -2.9588442547288794 -5.300454255447786 NaN 8.827623988118415 -3.3956226395081566 1.2447191024785513 NaN -0.6718653182151367
8.457120651652117 -4.696291749233764 NaN -8.044101943940708 NaN NaN -0.47001378870201455 -6.396257163792418 NaN 7.310574358384139 -3.7861378590588393 0.2932643712782218 NaN -0.06546727288730012
-2.2160304275815412 -5.457878134387357 NaN -3.675000153063377 NaN NaN -3.9164978237032155 -3.935129839746991 NaN 8.68521809661452 -3.121075105407676 0.5732382471201733 NaN -2.2150598656312246
0.7321749074672057 -3.349600200367557 NaN -4.362404348353554 NaN NaN -3.661760872241701 -3.8567565992389747 NaN 7.431022110392688 -2.00187200790375 -1.4304230330035899 NaN -0.9292070660338746
-4.674987577665473 -10.948162942462973 NaN -0.8957502679179745 NaN NaN -7.968783438267792 -5.902280111582904 NaN 0.035554087807927195 -0.6277229193114473 4.501755285599546 NaN 1.2053888291245518
-6.474494408744769 -3.693284602779667 NaN -1.0155576008328702 NaN NaN -2.740533771275014 -7.659852909557724 NaN 6.83782503773543 -2.656408495215717 4.355784559065799 NaN 1.1566179162211476
-1.2584097888466705 -1.9779027722148488 NaN 0.8773351545990673 NaN NaN -2.113929032760344 -7.730054085534789 NaN 7.6241037729111785 -6.884654446205829 1.2141113655895137 NaN 3.5605017368383374
-29.57195530676376 7.978041691173448 NaN 5.245423439648231 NaN NaN -0.6228293559671927 -4.563462845356935 NaN 4.063525539283977 1.8284115114895816 4.056521117316228 NaN 5.8560331404826504
-5.720001329973326 10.978938796840382 NaN -0.64525652806454 NaN NaN 4.033864545475256 5.520533188692911 NaN -1.6216061840971001 -1.9539337675987625 -6.3923622398188815 NaN -0.13123800205369268
-7.819474142090567 8.326603778731558 NaN 7.427400700440718 NaN NaN -1.7055006051258166 -4.887107470849218 NaN -0.6677075376118964 -3.052987766550866 1.7807145645264497 NaN 1.6522182619899854
-19.44039723855161 -19.42602106782973 NaN 12.143562925252454 NaN NaN 7.150477170297604 -6.195516477927058 NaN -1.4359550492837831 1.8954634168495834 2.175506979750448 NaN 1.2875412233341534
1.3940122879779133 29.364752323498525 NaN 0.1750566824797153 NaN NaN -13.989815722356763 -2.0243538760438713 NaN -15.1452562926005 -7.792279291206852 17.409731420993566 NaN -1.658263046278728
-17.627031190312586 -22.305890596893082 NaN 11.960419282161002 NaN NaN 5.5401140008359775 -6.021627114910789 NaN -0.6642055611178704 -1.689894644547444 -2.4927038853297483 NaN 6.0538133037244215
3.62384207493192 -10.622359035375014 NaN -10.133344423562548 NaN NaN 8.739481706154042 1.800163877700654 NaN 0.23943774295253972 2.452273794899019 -3.0566563348516596 NaN 0.26814026364179433
-8.159609207646097 -1.8898431889998213 NaN 3.8051957241125427 NaN NaN 7.4064533130789005 2.6749200481671007 NaN -5.797547299172909 -0.726175076592999 -0.21003038333131102 NaN -1.031087611789049
-3.8558362812003306 6.413711896584664 NaN 4.325733533338478 NaN NaN 15.49088917860344 0.35697296311155047 NaN -10.30607308652663 4.318560873022208 -3.5205565954016125 NaN -2.754930692638487
-24.930463932201476 -34.00679511146565 NaN 11.254754575233875 NaN NaN 19.20883548117045 -9.991721284968653 NaN 5.699277895595729 2.464755812294145 -7.900780015365211 NaN 4.299504920543279
3.7500769859226293 -10.193908205952349 NaN -11.019553949400938 NaN NaN 11.933511349453765 2.788404550582334 NaN 0.5950607191540815 2.849031401474572 -3.8726768864683394 NaN 0.32146313158515444
-13.578074664757924 9.092123522852898 NaN -6.46151379893452 NaN NaN 4.118509225606269 -0.28229906853515824 NaN 1.402552423744425 -9.139456016653183 -4.140215317446848 NaN -0.6825817308715805
-8.932028456007089 2.116365166042097 NaN 2.871596990412786 NaN NaN 5.400009779588757 -5.51645117005579 NaN 0.3618597473850037 -0.7138779348065033 7.938850399043518 NaN 9.321656374677348
-8.865934702888971 2.903853889653811 NaN 3.884887335518665 NaN NaN 8.192112525181786 -6.179291553134721 NaN 0.6305419621510693 0.4893940869202245 7.069003409183997 NaN 7.3286793302675814
-7.1224096705891045 1.837645477323217 NaN 4.633572759253917 NaN NaN 5.934406861785873 -5.494783829834974 NaN -0.3048265836833912 0.35158458073282084 6.572221222177719 NaN 9.79122560859939
-6.95650803818257 2.1602994970450102 NaN 5.136698690240501 NaN NaN 6.222105569799057 -6.287749330505792 NaN -0.3113204394287211 0.30247384736487803 6.665674586906409 NaN 10.29675366401484
-5.437947136450522 -1.49382783865575 NaN 3.4817690839466584 NaN NaN 5.848700777161683 -3.92766897329564 NaN -1.548497133095619 -2.698003639514555 5.236949913455979 NaN 5.305665425726707
-6.654275181044234 -3.762940922282887 NaN 1.2602726014384724 NaN NaN 2.8113580835930954 -5.254343485781989 NaN -3.623909613050787 -1.3998884879586886 7.601342530117443 NaN 6.182888791379914
-7.70986042438971 -0.34856254436711437 NaN 0.8951365779435168 NaN NaN 5.197604312087603 -4.968046207717877 NaN -0.2847806565637074 0.22025676266212155 8.089220209465918 NaN 5.354616063736772
-5.356798341147824 -5.627741453000586 NaN 2.1639173183382723 NaN NaN 1.809229443506065 -4.621009903627123 NaN -5.535808710097875 0.7410496496773856 9.759454488788792 NaN 4.394716908106254
-9.00688680430482 0.6457472662748133 NaN 0.8911089566295731 NaN NaN 4.539504070661708 -7.269956889572655 NaN -0.9595478880337125 -1.9701299097063283 7.2926708202855615 NaN 7.578046241917852
-10.21653896202818 0.5745939720386599 NaN 0.5680763592981032 NaN NaN 5.390186025800825 -6.752366042000847 NaN -1.5205522640467173 -2.889443011580421 8.196623117364314 NaN 6.724728937455702
-9.995324644199956 2.7521532083641134 NaN 2.814356416611986 NaN NaN 6.6294927673896344 -4.679840929729776 NaN -0.10078913489999151 -1.0396095862997718 7.501301814276247 NaN 8.395892895005636
-7.296510266623353 0.8044090139865859 NaN -3.1644543974169195 NaN NaN 1.1972459397107207 -6.973684476317237 NaN -0.6904150006585098 -1.5827768154809452 2.735765310186373 NaN 5.764066174237239
-13.595282748155759 7.42120573530561 NaN 1.9077839312454041 NaN NaN 3.1873924855600824 3.9514584102593364 NaN 0.14819135658433416 -2.1173683098584775 -1.3367168499058695 NaN 5.870962468236369
-14.623800115015216 0.0878248254477461 NaN 6.2041761735285785 NaN NaN -1.2613047052866886 2.099281734086076 NaN -1.6932432554221146 0.06004107894470284 3.079150478133605 NaN 3.668766927893836
-11.203931808069308 -2.1087903024642176 NaN 6.381488949816296 NaN NaN -2.3050706937899292 -0.501854458202784 NaN -1.300956728839773 -2.58363124337123 1.9747992693178897 NaN 0.9692323485721706
-11.31285410594302 0.5444545659660663 NaN 5.945209663902926 NaN NaN -0.8234777347580634 0.6820075725505966 NaN -2.4985183760680036 -2.1542166168388754 0.5944128189721105 NaN 2.448653185023785
-12.06098536262393 -0.21172277108254994 NaN 3.2684858132875374 NaN NaN -1.8797644262960969 3.7266526040579278 NaN -2.1840324138755864 -0.8665200750231842 0.19444117791324025 NaN 3.253280080340264
-14.839085870757538 -0.5762047098948737 NaN 4.424435873535894 NaN NaN 0.6794855347447772 0.37993875878848565 NaN 0.8798085548220664 -0.8207180535043063 4.360427765012566 NaN 0.12399531514874255
-10.532965951769262 -6.561272772944803 NaN 2.7173004158544636 NaN NaN -0.4634370927613917 1.5515870092683366 NaN -0.546466832860754 -3.204759412087159 2.4953167556687323 NaN 0.9386337189926646
-18.67270434207079 4.831475528588908 NaN 4.40022333256926 NaN NaN 0.764068208655541 2.917277206703775 NaN 1.6981813828000774 2.4358923975570996 2.865692006265977 NaN 5.058893354574781
-13.77174770113544 3.8903939305748167 NaN 0.7326230230107544 NaN NaN 4.934760625879303 3.2680335960990434 NaN -0.3071152843168763 -1.7437806644064162 2.2798770458700046 NaN 3.260610722691968
-14.480408360183427 -1.103194485552205 NaN 7.911915879936481 NaN NaN -1.564958004051892 -2.293861389614178 NaN -0.4426767063878779 -0.3113095726347653 4.1926854270584775 NaN 0.9076042423601927
-10.65260619060312 -0.959524626796352 NaN 7.296882418059169 NaN NaN -1.6724039185269084 -1.7556939983903455 NaN -2.428806427099904 -3.6115689588786264 2.1992246012951684 NaN 2.9541628531229716
-11.294998122855999 -5.731927456316623 NaN 5.0054954832032035 NaN NaN -0.7903207759666967 0.014772589747270554 NaN -2.1789187529740577 -3.564638324754632 3.0273853487176323 NaN 1.0300559828018405
3.3502071725410856 -1.9727713385441363 NaN 10.483207699076852 NaN NaN 2.902993316060479 -0.880706715203598 NaN -0.9694376690619357 -2.0282960093109166 5.640859818014097 NaN 2.6050488095412283
17.92534821507495 -0.09651900955885746 NaN 18.369288913650056 NaN NaN 7.984197702794089 1.029696802127394 NaN -2.6093713197380635 -1.6261671907013329 3.853767717077377 NaN -0.17549971442352102
7.669697739604643 -0.6372144802471871 NaN 14.887400822563981 NaN NaN 6.013708002240884 -2.59172191075566 NaN -1.1777314237294785 0.6098643765944356 3.175221290885689 NaN 0.6076755204147423
-0.16080670446297313 -1.1807124496650205 NaN 1.6038625879225792 NaN NaN 0.3163126679055686 -6.3866588197181455 NaN -1.9796548695352654 4.455140500017789 5.049119837605689 NaN 4.136413930768667
6.162818796808144 -1.41256296462171 NaN 8.70868014859435 NaN NaN 2.4538181876798504 0.5935181844783188 NaN 0.9944727972547127 -1.3803078937585038 3.3698565949496166 NaN 1.943874990939651
7.460313192985095 -1.9290273981632395 NaN 11.49047951905571 NaN NaN 5.296002463646697 0.10065616964082225 NaN 0.14113065010394307 -1.864250009437144 3.610910787591834 NaN 0.47923324091344
7.031028445129732 0.522845219313618 NaN 10.622205137899874 NaN NaN 5.724509001033211 -1.0521910744959022 NaN -0.5381106937813848 -0.34048209245502326 2.7410966657506393 NaN 1.878233618379157
0.4018693014834288 -2.950434070423043 NaN 6.559145318186714 NaN NaN -0.8904624982946245 -1.7433641968542315 NaN -1.3840046689832524 1.0013076791416382 4.607723405684001 NaN 2.182984683700315
8.41561213429712 0.09472975136343315 NaN 14.03051601204755 NaN NaN 3.997338586719118 -0.8952966038944467 NaN -1.1471768150001047 -0.6642965748211078 0.8225721109094221 NaN 3.545930499092383
7.984811023750803 -5.506657349622221 NaN 11.204070833503655 NaN NaN 2.6673538585302135 -2.7489254374032472 NaN 0.7884741341177095 1.7217872685489575 5.0852675950140425 NaN -1.0001132577237377
5.467099356882648 -0.04172910193276081 NaN 13.434704654711267 NaN NaN 5.01131363565455 -1.6441253970226757 NaN 0.7271774380171182 -2.548753600907117 4.771638854831316 NaN 2.891427896027684
2.5622010762263074 -1.1944589011982296 NaN 7.57860598761242 NaN NaN 2.6587730918657027 -2.9266747887033824 NaN -1.4621797895924493 0.6879501820138028 3.869120734494525 NaN 3.4878873820219263
2.62707372104204 0.43498461728381654 NaN -0.9918794336067833 NaN NaN 6.7065164636006385 -7.476075743504651 NaN 2.875260597623301 -2.067170015236125 -0.05144399902490848 NaN 0.8936728333687951
8.200593379185117 0.7335854436118631 NaN 10.682305592975059 NaN NaN 7.069463923695967 2.797076321852102 NaN -1.97942737098745 -11.927809511871496 3.6604006481512443 NaN 5.957382269393581
11.010772502082279 -0.527448742578853 NaN 14.92160464599219 NaN NaN 8.573474935824411 3.962592813382782 NaN -1.4700423515914982 -10.161418548505306 2.241111257923042 NaN 5.268744132088672
9.238640015940414 0.6421667383194964 NaN 14.7589083799428 NaN NaN 7.133512475438454 -4.518721597268596 NaN 7.095096112818782 -2.6794884393782 3.9509654708359885 NaN -4.32122703528042
5.1396695859379795 -1.0626186907024386 NaN 4.826751716548304 NaN NaN 4.745133851048121 -1.4097085751684508 NaN -0.4479476715735053 -1.906241131189555 3.3426962405917333 NaN 4.241105582863121
10.885270808976525 0.5519162714336968 NaN 11.533156615624563 NaN NaN 7.031210691506436 2.3892245362703615 NaN -1.479807942146746 -7.867590057867826 3.1051121859807504 NaN 6.188438406995173
7.033405181676232 2.755190153975405 NaN 6.704540670436943 NaN NaN 4.907236196605111 -8.326353408448544 NaN 6.457742152874621 -0.17765450496502766 0.5063778022814578 NaN 2.0637419528992402
5.701133226655372 -3.2403468199172356 NaN 13.465554259837372 NaN NaN 7.909646326171703 2.3195796141664924 NaN -3.4931301405740998 -6.84552384112994 4.750962427010154 NaN 5.018481040536108
4.961605129144298 0.05668327472566755 NaN 9.268771351868109 NaN NaN 6.6296526686907296 -1.9184653597863535 NaN 0.19569861366355634 -4.22168815917331 3.081378344602601 NaN 2.8867685480831904
2.0233584181225877 -0.6065383145273477 NaN 5.253730531074509 NaN NaN 3.6165492406990114 -4.590881033228094 NaN -3.653732574938239 -1.6425596199491257 1.8922820684950519 NaN 7.896041743927694
3.1990069814235538 -0.34587936755192394 NaN 7.068069974100384 NaN NaN 5.5629091750625115 -4.06673217016812 NaN -3.7260676901299754 -2.9021809209928024 1.5625798018372241 NaN 7.564207698849924
4.444346577818161 0.11226136220137677 NaN 6.583251434390382 NaN NaN 5.123563726793491 -3.8914761246760987 NaN 0.6222222345453851 -4.663727897607066 2.033918443875437 NaN 2.480645896244406
-14.54966692622745 -0.5913859475685181 NaN 2.489872023691736 NaN NaN 5.359761183220894 -4.620908288023567 NaN -4.663370112161024 -0.11218712130922803 7.638150116970385 NaN 4.280409905736866
-6.471181686555507 7.558163486059868 NaN 1.3591202557342419 NaN NaN 6.853488927452607 -8.198850874827357 NaN 2.9559249341529705 -7.9716002012932075 3.254763741983167 NaN 2.5166266784123126
-12.273626089938233 3.1545601928335856 NaN 2.1607951982789384 NaN NaN 10.292530522612005 -5.1094141470645935 NaN -1.9963033816428648 -4.102791728276157 3.3953926933181804 NaN 0.20624644110384882
-5.5138538914070905 -6.5852871570770795 NaN 1.244369138585934 NaN NaN 2.9437853552809896 -3.0145440180258327 NaN -5.685593937615575 -0.5974460101659477 4.640509961055503 NaN 0.9283322121477899
-3.199012700371366 6.723118277041275 NaN -0.18981470376468967 NaN NaN 7.373452641346205 -6.869931799062874 NaN 0.289321430506577 -4.854903764122353 0.5729956935080466 NaN 3.1844017804920464
1.0952887322038731 3.43263334353218 NaN 2.048296928832134 NaN NaN 7.703594280442366 -7.796050142573265 NaN 0.12148275912902592 -1.0139569464902596 1.7701209116109977 NaN -1.7279754958597109
-9.604671831380882 5.773902888788761 NaN 6.049794337767703 NaN NaN 12.617875723469245 -4.11078502356215 NaN -2.3965268819163046 -3.862810513862504 0.8434320215607644 NaN 2.2812686100768027
-6.557126211767895 8.683044541007522 NaN 2.670648047033154 NaN NaN 9.81785726639219 -3.989329821726277 NaN 0.5835100965342539 -4.428206819251402 -1.6787512580519701 NaN 3.431364127794553
-11.437747606388474 7.86279954094612 NaN 7.084457647273607 NaN NaN 4.12802694288417 -3.8744824390847556 NaN 0.7201811576341673 -0.12128826844409975 -1.2599349858183848 NaN 3.8873139734736437
-6.767095537190529 -6.2724796301685455 NaN 0.6742158837298996 NaN NaN -1.950454408692319 -5.666541827430116 NaN -8.04314342630464 -0.9724605792660894 2.7028385231075545 NaN 6.058079820285773
4.140982838037197 10.697197035320691 NaN 2.6153676742556264 NaN NaN 11.711274754298291 -10.376195602211986 NaN -0.10817600822088001 -7.83611522153504 -3.7589642125291283 NaN 7.897121685422527
-6.717159993770282 7.4077520214229855 NaN 2.5245283584285483 NaN NaN 7.115307915140944 -5.43126417754958 NaN -1.3252307404015493 -2.092655482401564 -0.2937236906518336 NaN 4.659825141441603
