0.2331175294512277 16.769919503927145
1.4499647705623258 -9.749248111206352
16.716327951743914 5.934352276137649
-3.7425282246309304 -14.621150103746663
0.49537208229040386 -12.17576781838614
-4.566308750665941 6.833730297716545
-7.100889307382316 -14.128033672720518
-7.617167665284592 -20.17210929214426
2.2862382193963535 -9.610645136952458
6.12413477016198 -9.895204298969306
-0.334151789642082 -13.165984501230382
6.031660228069252 -12.673904218455647
6.22495568994572 -9.85556085320856
-17.269536778060615 15.400125163719418
-18.204206149757187 15.096589609827321
-16.87364121259171 16.63132871946645
-19.3193595080579 15.35612221003166
-17.613002419335764 15.460252563605465
-17.91404455102256 15.787928332949932
-14.222824844751425 14.163196739437844
-23.021572120203214 16.401554006901492
-18.977601616633887 13.160205198949008
-17.48719165845021 14.284829090006339
-16.388081352911712 16.252936979171253
-19.04359806199426 12.575034199457063
11.728575618152568 1.0053769854505377
8.585874723052644 0.4670246482135064
11.714429108940944 3.3732669258351495
11.029262418873374 -0.8517133842142478
12.706785476250449 0.32159585273474267
18.17643681675312 6.461202142223293
16.709652508508984 2.6274953911341474
18.074531560222084 1.8875710779272377
8.173622301103908 5.296456982472063
12.623418121978704 5.02643970057282
16.358744405486174 5.977122971192129
16.018456441117113 3.6180466468481125
-0.4161448896950779 -0.7795471090137469
-3.081691818165886 -1.0905457630839186
0.36170735034390117 -3.1030102648713496
-1.025043076434853 -3.669945956202802
1.7537007843207557 -1.4513323157259297
2.3110090865382 -1.5103406699015696
-1.2545168490507228 -2.7727603184292455
-1.8714399238405965 -3.5723571382347252
3.5863704995328685 -2.311603482945335
-5.51509667873822 -3.6229431646238885
-0.26565306367580416 -5.036081159855043
-1.6567621996743345 -0.8691428818271919
6.109294729316391 4.877218354920437
5.597128958598552 5.972953948184455
9.991748131714822 4.58586290898226
9.715234754805374 2.0446333474281824
6.115694933884667 5.672543612420981
9.966155310473283 2.7272934645900078
7.917092259485715 6.840044270507371
10.42882974352944 7.6607177821958405
7.828463338053781 7.718423801309758
12.781909800621058 5.458925388843633
13.96969442477152 6.275809059496023
11.622752309203463 7.1497200357283335
-12.972756872510427 -5.890328558926704
-16.94499918490408 -7.716191005280808
-18.843447060689456 -7.359775751125688
-16.793467751308192 -8.235404716823036
-11.722213212324862 -4.8539855146548465
-12.221879193878767 -3.683686544579317
-17.470813971078233 -8.10586503590953
-14.775657674093262 -6.161654237181074
-19.37175190787957 -8.411789635228306
-13.19798608686963 -7.070471291178563
-16.46788319102685 -4.883819157480872
-13.576970685442708 -6.004362009083078
7.336066324411356 -4.303602572495404
9.975350144057472 -1.963395005541798
6.999355261441817 -2.1687396004719655
7.270215553444984 0.6291844630561102
5.5873975994355645 5.9491780391065285
-9.572960179314594 -0.7909356298393817
6.911879331894474 6.357292788185964
6.855262761943738 -1.0467415506759195
6.258269182183563 2.0226697453036646
8.7100209628459 6.308692956474166
10.25284183801071 3.2863454929861566
9.482021088419225 -0.6732195246132375
-0.6060334806858232 -2.8968107569219437
3.604562355462485 -2.232345087548021
7.063663532671948 -1.7011572713029253
5.144059409112962 0.7569426405348928
2.3423143795560235 -1.1338693284103618
1.2669007911838495 -1.529486948127726
3.955646834381774 -1.483793189206492
1.9896160641494314 -0.9296940558168744
4.794704282917184 -2.570824769126255
2.162661339038104 -1.0795977966824608
0.9761565806276598 -2.7930154431157184
7.392149717777271 -3.4104292252777832
7.392149717777271 -3.4104292252777832
-23.687230742373192 -12.626030323593042
-24.833863153336814 -12.590476987590543
-10.8525548229386 -7.050666801188734
-14.685640864306174 -7.697622452738702
-16.37369700599581 -9.025230787743073
-13.86557601500599 -6.518672080510071
-12.382775600580858 -7.058385891029031
-6.736747420839855 -8.855395261943922
-18.022158077747434 -12.840975280863749
-17.12878293650738 -13.23842276615406
-8.32858274354136 -5.417431791956216
-8.866266020048661 -5.548417567322132
24.841452732261452 -5.1705889594217105
22.8268155880431 -14.7644614000144
24.992711880431003 -3.481954162252184
27.683794045299265 3.1376071551237943
20.789527258307025 -7.696740061313913
25.742008482547845 0.4898436427930241
18.972448743395145 -6.045535563326952
22.006734512979406 0.5255728424163855
18.918485085632376 4.5904778653920095
31.753833878229642 -4.317452154557926
11.680105133835005 7.542145691763839
21.562996210253623 -5.75112796421483
-3.1198479723183588 -3.6285118529333458
-4.566808779841801 -3.7816079544151764
-9.28858090541847 -6.564722178087562
-0.8409890983335172 -5.039672324888545
-3.97867012790877 -4.481844620408531
-6.135798400259959 -6.883692138227336
0.5310839149520763 -3.8281929696020063
-3.3342610271830417 -6.589079564253839
-1.3744854393832024 -5.051293259432138
-5.698418744124074 -1.2956848519882738
-2.6677740641538583 -4.485936744171444
0.5833481393006329 -5.326507503820991
7.350824244268981 -3.8998592593923913
5.891914645425313 -4.344654493781256
-4.302844309137137 -2.61121827684689
1.5302643466170494 -7.366281774871878
-1.5789316307941537 -9.535578153379738
-0.6908533651698942 -5.433830506019537
-8.453603372139378 -4.737700438680525
2.21996541192261 -5.453707762964987
-0.7298009515679312 -3.3542584281422902
4.682774738172775 -10.928049580340854
6.477096381243013 -3.6692498405846217
1.259919428640316 -1.97909052140727
29.56617752177474 8.083966192754728
5.712197471013572 10.993807613655251
7.813648359650871 8.349542859664064
19.454740263211704 -19.362678883769092
-1.4147264565826783 29.349281753183796
17.643469981952734 -22.249327359665855
-3.6161948474410224 -10.638405139726576
8.1611179129077 -1.8656613276426857
3.8514548261942743 6.415422498108809
24.955491013857163 -33.92601109130953
-3.7427107621962388 -10.21193384808557
13.57133811899355 9.147867339975468
8.930498827597063 2.1468703912583496
8.863878241318726 2.932528932975635
7.121139788632797 1.8590749573493799
6.955010978122592 2.180899000532994
5.439121890301923 -1.4795584642938042
6.656933227462592 -3.7371347282521468
7.710077975259787 -0.3208693240737282
5.360797341555841 -5.606786856930773
9.006364381800708 0.6797523247296691
10.216064129242458 0.6131651086344823
9.993333191574967 2.786608080620465
7.295800017978724 0.8359150104606419
13.589952908564417 7.467803635099393
14.623865009998806 0.13574660496769092
11.205581652622906 -2.072199599908296
11.31258536223413 0.5809777871794433
12.061217258535736 -0.17133781271454912
14.83960636635126 -0.5271519647091792
10.537814421218053 -6.5261224622224665
18.6692703148892 4.8956388659725585
13.768946332335199 3.938397046518894
14.481349203238855 -1.0558122301814428
10.653441016450723 -0.9253877050779632
11.299262435204582 -5.694670527778174
-3.348805625500312 -1.9840885628994134
-17.925299518483925 -0.16553616437063234
-7.669270935199425 -0.665892493116187
0.16158979585368943 -1.1773216017185648
-6.161833143420667 -1.434609017031746
-7.458967041261891 -1.9558133455263553
-7.03143950959812 0.4976186116390344
-0.39978356804188625 -2.9500374357653394
-8.415719234713714 0.06393890337097728
-7.980888467081662 -5.536981242213234
-5.467104924732654 -0.06056723613274065
-2.561377665335097 -1.2025471380946635
-2.6274494710093683 0.42728871700828897
-8.201154236576809 0.7048957903733752
-11.010451294291117 -0.5665909886253071
-9.239201653322912 0.6095828752497253
-5.13895899311785 -1.080383623427211
-10.88567995114292 0.5111897901811487
-7.035439926088807 2.729667295084717
-5.698862205104531 -3.2585656043928806
-4.961706314083909 0.040938806078934964
-2.02294086960672 -0.6132793366044006
-3.1987711883778016 -0.3572003688475998
-4.444431577815697 0.09648808204640041
14.550086534360677 -0.5395065998982466
6.465700513331416 7.580962861580585
12.271317839753964 3.1992483631072526
5.518556759961133 -6.563948347168494
3.1941625376347913 6.73283722022183
-1.0978002301265897 3.428377157046737
9.600525751279342 5.805917431393871
6.550932165004095 8.70182196356128
11.432181140583205 7.898941156200538
6.771538994982653 -6.2442309927818815
-4.148715472853561 10.680776512427771
6.71186510012012 7.428430527756771
