-1.450398858067257 -9.750614462383805 NaN 3.2401693753942227
-16.71543927591062 5.937263015509696 NaN -2.9959652860674026
3.7419833793745036 -14.62196864500174 NaN -0.5567820598172635
-0.495250835547018 -12.177240330365716 NaN 3.912748612704458
4.566984403222083 6.832731812444244 NaN -1.721609240238994
7.100715231407442 -14.129786599859813 NaN -1.180306780168122
7.616875291307052 -20.17231592882817 NaN -5.447750056754137
-2.285298267414595 -9.61102667721132 NaN 3.104046875036788
-6.1238706467110555 -9.896061324014386 NaN 5.0102798127524295
0.33466450055990077 -13.167773203118356 NaN 5.188101672145953
-6.03065759249279 -12.673301457765337 NaN 4.667148819546122
-6.224971617501349 -9.856413279738051 NaN 4.741452458642663
17.270726391286125 15.396996365739284 NaN 1.7847278067158217
18.2058836525845 15.093247874257246 NaN 2.649234553123057
16.874737416999007 16.62836511727245 NaN 1.2232699688236888
19.32119250698581 15.35269841857726 NaN 2.4421525657659884
17.61428282649905 15.457345962615392 NaN 1.0773310163464316
17.91498677045975 15.784858844691913 NaN 0.4403731497585672
14.223955748864588 14.161154365257504 NaN -1.6587178251092036
23.023485127817818 16.39761577319858 NaN 3.025767320918678
18.979171413525044 13.15686289449194 NaN 1.8660347025844934
17.48836902469257 14.281321740850244 NaN 2.6683293486095176
16.390780405062223 16.24962835131571 NaN 6.385870048252627
19.046158206154267 12.57104303737802 NaN 6.84450251063596
-11.727419243187029 1.0100458606381644 NaN -6.951776879800716
-8.585015353748247 0.4716407263819726 NaN -7.419757968109953
-11.713089539392008 3.3785959114621167 NaN -8.625475842098522
-11.028324406731826 -0.8469489753172942 NaN -7.149779714698114
-12.705676996806883 0.3256164439807942 NaN -5.135268269730903
-18.174946471658192 6.466351839401164 NaN -6.910912526957542
-16.70827610378254 2.632695834418254 NaN -6.856563712781348
-18.07331442660632 1.8915164840671828 NaN -3.6691126822180538
-8.172373830193907 5.300930253488787 NaN -7.371936269406787
-12.622083980432816 5.031043521321668 NaN -7.114540767807525
-16.356972839928893 5.984301595326543 NaN -12.025436482453294
-16.016959268528268 3.6242854496394155 NaN -9.632460909930936
0.41585786776834555 -0.7796966088031907 NaN -1.2732032721846167
3.081516029947756 -1.0901762374027566 NaN -3.802629658344758
-0.3620129188207127 -3.1024340817938265 NaN -2.871886520204327
1.0246930273252493 -3.6694399463953724 NaN -3.5361042677688506
-1.7539914554052973 -1.4517629846781948 NaN 1.4334763832913784
-2.311541716206698 -1.5110520926438298 NaN 1.0763575239422944
1.2541888211072336 -2.771898276865556 NaN -5.120160420169675
1.8710291488876782 -3.5715134516183733 NaN -5.451827734150358
-3.586860818081211 -2.31184030040535 NaN 1.1872259183704752
5.514514680779073 -3.622335524124917 NaN -8.274594786356912
0.26524051175272034 -5.03544697906021 NaN -3.6172076928886656
1.65649534722911 -0.8686554666980577 NaN -3.938162218872409
-6.108092594319798 4.879792040646944 NaN -3.4257845129755142
-5.595954169727918 5.975513820506384 NaN -3.660540132572004
-9.990499583464832 4.589672137151417 NaN -5.8597448788461834
-9.713920578823831 2.0491733935248315 NaN -7.246884579402793
-6.1143663827845565 5.67583473588953 NaN -5.416067162808554
-9.964829453412761 2.731362064735676 NaN -6.348101537908392
-7.91564580346573 6.843604224960566 NaN -5.961014629919041
-10.42745491406836 7.663807499993079 NaN -5.042071989457444
-7.826886077862906 7.722242022389809 NaN -6.9400542739741615
-12.780520866011543 5.4626491733310445 NaN -5.21420383684503
-13.96847887545437 6.2786056324054025 NaN -3.109008056409076
-11.62169648652772 7.152050647410026 NaN -3.1382540607487375
12.973021306986602 -5.8918119959579425 NaN -4.656489416828221
16.946179333471562 -7.718751392563602 NaN -1.2742874541670588
18.844579977004827 -7.362463387197309 NaN -2.775634467799169
16.79478446766722 -8.237659413511025 NaN -1.6721754572705787
11.722852174771692 -4.855312620194409 NaN -3.1745947039526925
12.222223872905573 -3.6849938325573315 NaN -4.255097161522098
17.472280061311753 -8.108225244279167 NaN -1.060911233870612
14.776321558064222 -6.163268811747232 NaN -4.483691304655222
19.372876832923346 -8.414407951525844 NaN -3.492177241060885
13.198504835982321 -7.071861031673508 NaN -4.677828514880598
16.468681156270357 -4.886032750932998 NaN -3.2567458165110903
13.57724222652777 -6.006132670979551 NaN -3.9668467995091956
-7.335537117819161 -4.29969290358675 NaN -6.016828968063395
-9.974525039963902 -1.958511388813696 NaN -7.814014261893584
-6.998735082459356 -2.164174620152825 NaN -7.926947054913045
-7.26947953122768 0.6322188166580417 NaN -4.26882433041193
-5.58647562391904 5.952673271054408 NaN -5.449905537455838
9.574421550949085 -0.7932464516802683 NaN 6.272283188299286
-6.910720107284244 6.3615949852493205 NaN -7.684246767473704
-6.854707889698372 -1.0431225415271057 NaN -5.768464327663071
-6.257547230010857 2.0265808091480606 NaN -6.8969482107157125
-8.708767999999102 6.313367014696385 NaN -7.84972572497144
-10.251787940900854 3.291706890478962 NaN -9.633410377857428
-9.481074879765313 -0.6684432882475666 NaN -7.851199141232745
0.6058013732571584 -2.8968491470358355 NaN -1.1552712363051567
-3.604594376237486 -2.2323148218972126 NaN -0.029607140864518624
-7.064237665496941 -1.7026801271336538 NaN 5.962481854913314
-5.144714909902342 0.7550942323200243 NaN 6.102250125787495
-2.342681587561253 -1.135081385867065 NaN 2.147194327503108
-1.267164685328744 -1.5299654764488253 NaN 0.5133342968474257
-3.9561991351571213 -1.4840673766674697 NaN 1.3150796729094199
-1.9899905043105113 -0.9311824593238234 NaN 3.5420548497953757
-4.795150161786256 -2.5719998875354673 NaN 4.063811854991482
-2.163076401769914 -1.080290319178644 NaN 1.9712856033359187
-0.9766312117911408 -2.7945379487882303 NaN 3.4443206610944666
-7.392525181591162 -3.41091883335154 NaN 3.2358931639869137
-7.392525181591162 -3.41091883335154 NaN 3.2358931639869137
23.689125132578166 -12.628810785596341 NaN -3.66669205094893
24.835999215667254 -12.592895412928927 NaN -4.606929456504044
10.85326355997762 -7.050463171498855 NaN -8.039009613631507
14.687169108386618 -7.698355203355763 NaN -3.631742309071761
16.37513602398561 -9.026563002785013 NaN -4.215173190213992
13.8667180513445 -6.519214010875848 NaN -6.331312983014898
12.383551865158948 -7.058890740171024 NaN -6.953371723901277
6.737311014686732 -8.854665368362348 NaN -7.124225212611137
18.022753844030323 -12.842255108643164 NaN -9.996433492981124
17.12939042279327 -13.239253436707179 NaN -10.669128376047805
8.32879107789361 -5.4169370654661355 NaN -8.658111408940016
8.866673208027173 -5.547828634652927 NaN -9.00545502239133
-24.839997612647288 -5.165120012842707 NaN -3.1927468925949993
-22.82540729549562 -14.758500520543452 NaN -1.7845379046231271
-24.9936910673504 -3.4828463172464166 NaN 10.009218468682624
-27.68360606641846 3.1397550059478148 NaN 2.6627295391928123
-20.788153840275474 -7.693203488442467 NaN 1.0323004310225137
-25.740912710182403 0.4937362341510469 NaN -1.1460507121038406
-18.973559130979346 -6.04802602240048 NaN 13.138182045126285
-22.00732772001252 0.525108487964552 NaN 7.99282519236092
-18.91708820943428 4.594632581372877 NaN -3.5798595056568914
-31.754374595545073 -4.316829121688088 NaN 7.994755410965221
-11.680039499382998 7.541546432907711 NaN 4.061622591644906
-21.56150644911732 -5.745005297201407 NaN -5.514594773416248
3.120951268296462 -3.6295288747701266 NaN 3.172787378268312
4.568042291019717 -3.783348766520407 NaN 5.7318579355760635
9.290235351250445 -6.567690474395501 NaN 10.726811295274308
0.8419261686385618 -5.040775828693811 NaN 4.041336398111587
3.97991600140115 -4.4833880685240155 NaN 5.737865827124164
6.1371159078072495 -6.886000484199416 NaN 8.342222153365466
-0.5305972233292905 -3.829116654338963 NaN 2.4839636745203384
3.335566876968393 -6.590830507072841 NaN 6.710150963475967
1.3755264584243323 -5.051944365956127 NaN 3.8245631514985248
5.699654397588187 -1.2976503914523896 NaN 8.090222649125828
2.668903359448644 -4.487572599513841 NaN 6.494919664861747
-0.5824170847886838 -5.327448635692096 NaN 3.912666903052413
-7.350375673963613 -3.898998096166066 NaN -0.3037049078097484
-5.8912147652113065 -4.343527262295244 NaN -1.073831800524662
4.303979411245166 -2.612139325513111 NaN 3.7142057890279023
-1.5294112330973146 -7.365767454305803 NaN 0.7841038352658531
1.580125000157206 -9.53641459702822 NaN 5.927857949243464
0.6917769216130957 -5.43486765117006 NaN 3.238843604261549
8.454938073179475 -4.740952325806935 NaN 7.861487112123975
-2.2193380111608536 -5.454689109093896 NaN 3.395190339927893
0.7301164064049901 -3.3562632697300296 NaN 4.098040953601935
-4.683367480620123 -10.928367164199663 NaN 0.7175696856507721
-6.476962516195317 -3.6691163334060177 NaN 0.7588900926231955
-1.259011652254181 -1.9783373287016384 NaN -1.0456335013908387
-29.564524822660665 8.089947271894669 NaN -5.8381632845188225
-5.710677764537003 10.995045771765655 NaN 0.48452926911390504
-7.812364183680383 8.354075318683263 NaN -7.403658594209575
-19.453787374754878 -19.353497852196856 NaN -11.870614992577268
1.4170197852321569 29.351859756475296 NaN 0.4315035360983413
-17.642668743111937 -22.24032467164731 NaN -11.609256185410539
3.6163628247651785 -10.642363662853956 NaN 9.955880100573602
-8.160078035372397 -1.8623309755149917 NaN -3.8541552019143688
-3.849191881778693 6.418459339265549 NaN -4.54147782160694
-24.9545006731209 -33.914885090758006 NaN -10.683488413256976
3.74314178263411 -10.216050475604796 NaN 10.820918456323444
-13.571350245417978 9.146789257906827 NaN 6.130755835453556
-8.929727841724025 2.1487963081490995 NaN -3.196798507019148
-8.862855584622153 2.9349995810744978 NaN -4.197007622329862
-7.120092216182871 1.8616032320427198 NaN -4.92556264624282
-6.953928200051775 2.1835682075029004 NaN -5.430572602970023
-5.4381097252500545 -1.4772513410268642 NaN -3.6636477493814397
-6.657000861031563 -3.7362607310407867 NaN -1.4547032799109885
-7.709670754794927 -0.31985955178506664 NaN -1.1722244848044814
-5.360957909459937 -5.605897065358234 NaN -2.364086414879358
-9.006126347913543 0.6808346464255619 NaN -1.154593766834374
-10.21580231524065 0.614323449980189 NaN -0.8469523051708215
-9.992507966205729 2.788652915787213 NaN -3.161954809622141
-7.296169543743244 0.8351781031888786 NaN 2.9796953913643627
-13.588717753253938 7.470475019059093 NaN -2.2455330212073243
-14.622584335197638 0.14077547637588597 NaN -6.356850973481149
-11.204696862064646 -2.067618675562328 NaN -6.414916512516155
-11.31151492120257 0.5853475907618436 NaN -6.036732019291591
-12.060278081636461 -0.1678944331559613 NaN -3.4067366688178295
-14.83835351018146 -0.5227978940280527 NaN -4.624989706983869
-10.53722840223452 -6.522714285982104 NaN -2.6823648651150735
-18.667836573882767 4.900146868324679 NaN -4.758378833428404
-13.76791879777708 3.9406519423868436 NaN -1.0681019762579969
-14.480141846082669 -1.0501734540175942 NaN -8.018933456431247
-10.652480431814258 -0.9205659808948381 NaN -7.323129816057628
-11.298538123236403 -5.690416023211717 NaN -4.9980448632218835
3.3484375413342766 -1.9820566992510662 NaN -10.575268816790755
17.925284662323644 -0.16454700237766212 NaN -18.802881257817823
7.669091926051357 -0.6638173271419343 NaN -15.177064102962708
-0.162042171252815 -1.1773438404454952 NaN -1.6556190905243224
6.161497808319763 -1.433726815735707 NaN -8.839941579684355
7.4585741555641905 -1.9545438621005566 NaN -11.684001454737588
7.03114374990557 0.4987697364849413 NaN -10.791949267755186
0.39935509315273443 -2.9486290398335275 NaN -6.6264394393904285
8.415436302870457 0.06566462625315647 NaN -14.275149543522307
7.980655058435107 -5.536045811542822 NaN -11.516091336776954
5.466697968286911 -0.058288220180173836 NaN -13.58603922290382
2.5610434750652247 -1.2013351138376456 NaN -7.690926758378849
2.6271643197044408 0.4258576137647327 NaN 0.8886328164321
8.20068544274082 0.7059106806282216 NaN -10.784801392210937
11.009894096792856 -0.5652506434311713 NaN -15.156900764438886
9.238767828757194 0.6108496806212369 NaN -15.12706670740916
5.13864313759575 -1.0806440062206755 NaN -4.992131343756484
10.885489762721404 0.5119256860761016 NaN -11.727606426821614
7.035315156271304 2.729555402100735 NaN -6.9178623731708795
5.698127131039804 -3.256522803906855 NaN -13.615624704236827
4.961158198604683 0.042034340244793286 NaN -9.38119070573286
2.0227579138524563 -0.6125332020419433 NaN -5.347768034902611
3.1985953641217812 -0.3561640829743857 NaN -7.177925574075156
4.444188788120611 0.09736637706796608 NaN -6.617966068373317
-14.54935243048418 -0.5366960372086587 NaN -2.8131141905830996
-6.4650018961567906 7.581746899034352 NaN -1.6854187515987735
-12.270684150825248 3.2012943795051356 NaN -2.5018196387168197
-5.518717548443962 -6.563162909754504 NaN -1.405690547490434
-3.193429902554018 6.7328569694158915 NaN -0.07029368343260708
1.0980059429098599 3.428047275897792 NaN -2.281868110005075
-9.599463670422102 5.808815019008249 NaN -6.448396508943362
-6.549559839617532 8.703673753033568 NaN -2.9776948491125115
-11.430685976480792 7.90327754290472 NaN -7.351512625698846
-6.772026953767769 -6.2435044422175965 NaN -0.7762370992053486
4.149254060123019 10.67989289276251 NaN -2.9137414719011403
-6.710743302653106 7.430197882629321 NaN -2.7961426352306438
