-4.052615688509551 -8.95393150766408
-9.47083780889582 -7.693958748695502
-2.8032066403138978 -8.873834401281991
-4.826109601558679 -8.896022335683998
-1.529341469552968 -1.677180776273988
-2.1083189460298835 -6.167314465262044
0.13454519551562252 -13.665931163834754
-8.784494249774886 -9.95483316217851
-7.711252804442685 -8.29369606754986
-6.220353262247113 -7.611060226120315
-4.46587603862827 -9.01209403812074
-6.996954948122967 -9.887212312298805
6.215421114181232 14.008504349762035
5.743137764296637 13.050344513721033
6.398968959492445 14.524334621281668
5.504451602831592 13.586672479506959
8.14631538101353 13.531646759642591
6.121874117756784 15.253528989947787
6.507611413605183 12.441152029807041
4.632591042100056 12.774278164202903
6.5377120833620115 12.611335319128115
4.930239564085498 13.9239380730857
5.652240019149931 11.462889266114821
6.217690948144347 12.487291560165316
-9.569459804678505 -7.252916457363777
-5.17726367735041 -1.9897318736210838
-7.566335700780996 -4.424103305640159
-7.929385067906339 -5.75852304126006
-8.990641333880172 -6.353008229646331
-10.095108519751518 -2.447906261765183
-10.058837526096282 -2.2699732606030465
-10.988420854857388 -4.315369869786435
-6.102097762640018 -2.039678280966569
-9.588421673728599 -4.473113880599194
-10.429950508340834 -4.878209430396962
-9.794755210435198 -3.4734479032594234
0.7660902085991481 -3.2935173969156364
1.5264134828969065 -2.7478321158673413
-0.2921066220113084 -6.568072597581733
1.3800602981459424 -4.393603146735135
-1.0115958798631626 -2.9177817667944206
0.3708916704271097 -4.043673895026886
1.4904399844327993 -4.4678780552267
0.7413485397043055 -6.653603105700424
-1.3642996374854293 -7.28102601108605
0.9038757367600115 -2.122591061556177
-1.7220512216557877 -7.085318017206057
1.0897379396376399 -4.41354177530883
-7.863158695952688 -4.147095572146469
-6.999224172933736 -1.3649564108676198
-9.68505506313996 -4.093791870944244
-9.011529154020057 -1.6593219107294528
-8.52785438431957 -5.2511272548368
-7.846409976723469 -3.339934371550844
-9.527893280419981 -5.205619786563196
-10.594956830742202 -3.5565814583853093
-9.23871066768783 -5.671481820368498
-11.195155634998905 -2.8754169547001096
-12.474661992588732 -2.377727471786421
-9.938707528996652 -3.631776100489031
10.760667524589678 -3.281403555235563
12.532284286599394 -3.879509473820172
12.335930561930303 -3.9100665082840234
13.542424579682496 -3.6192662176275094
12.136287658488914 -3.6508223835453952
10.485138301698239 -3.1708097908294475
14.932314527170925 -5.14679677643101
13.36533062545402 -3.915319729812275
13.616838992658032 -4.240563015912646
12.044699289397512 -5.0667654413005385
12.842957099642373 -2.1287411149931
9.833589084548835 -2.4790068412315476
-5.5800948112409605 -1.7621028662603753
-5.884022097959573 -1.8476385712028733
-5.064679127554066 -1.9255526725699854
-8.392078286861114 -4.661810616776516
-7.185020976484916 -7.868343067819162
6.109354905731085 2.373753993058668
-7.729258975419473 -7.570483075718268
-4.773757777383823 -0.7145909314842571
-5.605546029782321 -3.71516971422978
-10.715092840048364 -9.256752440882538
-9.412033102962564 -6.2310862669023726
-7.357161629400969 -2.5131230316200175
-1.069416602755578 -4.2993217250078635
-4.719936813802424 -7.306161044715093
-5.8179130458413555 -6.544747233743971
-3.8058710365793726 -3.470063115326145
-2.8382731752321875 -4.810034207379625
-1.193120643417656 -6.510382243698549
-1.1286797399720825 -5.647997484609097
-3.5730122087905727 -2.344599129956708
-3.3282666933155878 -5.301257993783471
-1.0258248707859936 -5.286612050539507
-2.0684446359484534 -2.8871953500743484
-4.62343659291814 -7.11198705231285
-4.62343659291814 -7.11198705231285
9.730519211510742 -9.305179611051853
12.26792413279465 -10.614959271678265
10.867773748758239 -11.01346274841186
12.55021670388504 -10.760154573242326
11.122728798257755 -8.91240745973841
12.031845700351653 -9.094987763218334
9.237045346182548 -8.440929861897441
9.511567442212892 -10.208194008723074
8.427548025781178 -9.675522802870645
10.36479285531982 -10.369262840249075
9.371126799044 -10.148732934808423
11.030910740896143 -9.871507658123543
-11.889355186601636 4.346304350252825
-7.15940886457884 5.867564510550017
-15.134153630279641 -0.731226844165541
-17.511555800260883 -2.786563500139554
-8.50318107478118 5.0365416318190075
-14.26456046953254 -1.1806206745675563
-14.153801327803103 -2.440412343935198
-16.228631968918044 -1.3154128866991937
-15.465389917217099 0.28643730399756673
-14.485347191281091 3.4698801150003376
-14.282491352985218 2.5077894423842575
-10.842804692764982 1.4157651578517776
-3.386023814250646 -3.586428933136847
-3.961213643347128 -3.058370024885685
-4.165350745507064 -6.449960232045519
-5.389142184664298 -2.2807263883405318
-5.35447187235289 -4.38191203999251
-2.395709756552932 -3.0812269453566183
-6.032561861527797 -5.372525017044822
-6.648516300711488 -3.038289982947848
-5.317087648744344 -5.632979508234894
-3.495237764470215 -3.773272053099515
-5.685009847876545 -1.9773580248014895
-7.615341031151878 -2.8781945669622346
3.2371346486326513 -0.14757554065638523
4.67249454331117 0.8072800144226803
5.642668842524883 -0.150494572876416
4.541441641497395 -1.3175192061334253
2.4293517885050977 -1.1452935278825886
2.4755720753273702 0.9044939909169297
2.508981353792518 1.676595361224844
0.9780720275950979 2.1782893899202205
0.7034072285281991 2.394562287493768
2.720408348489776 -6.269886988139968
2.0077167079416287 -1.2683003722500965
5.166391282663924 0.4320453679556671
-15.703535914679248 4.496574942363656
-10.995903616014367 4.823008981799586
-7.435567658065901 -2.1699411580880335
-8.807832959015386 5.309258528315209
-2.835410023854476 7.424322975779348
-5.758932599461885 7.815898830274958
-12.017709264294329 -4.155855642316869
-11.610411461218334 -7.142115083028461
-11.136162810218991 -8.884361827983172
-2.5977739141586635 8.830683369046584
-15.195078100345377 -4.857168171345407
-15.86684188299919 6.679697054677131
-2.478251007154119 -8.133396663403298
-3.9209710583052284 -9.586957358664622
-1.7036005407083983 -9.869273163959281
-1.3891326962102732 -10.030958827657692
-3.8741071669930363 -7.3527534323671215
-2.425771437615207 -9.351378295683835
-3.8023516423083477 -8.338490745804783
-1.5751588280860425 -12.308837409634688
-2.9828513650554127 -7.138300975680077
-4.115022368945913 -7.166208000003123
-3.82086252469077 -7.7612498057606505
-2.9397028731082395 -3.5372722220041224
-12.070648324525234 1.6535924585470723
-10.217969462942584 -1.5231944223355283
-8.24536929850856 -2.230714346813229
-9.704542284012637 -1.192258621512862
-9.26808843742396 -2.9174298496046784
-10.308660845263613 -0.5728333328504555
-5.859153500086353 -2.6451284818224705
-12.813723644555031 -1.0519718235939786
-12.116982029335835 -1.6050676089617895
-9.661022217961234 -2.8897409706530177
-8.645672879450467 -1.1954738666673062
-7.09526245253282 -2.437431174770291
3.334040768768208 -8.94526995126318
5.248299164076752 -7.800666526740409
5.546886422798531 -10.90437183072041
3.0627903166901533 -6.972906963923711
1.7960549198216853 -4.190075854178872
2.344431513044412 -6.329998687894973
2.624383391770517 -4.772266443749943
3.007854158629495 -8.105419430816761
5.091749867184832 -6.5655115341891435
4.030048175582645 -9.039234432119953
5.337184550453105 -8.56084281240767
3.1412264248359305 -7.923995098913485
-3.865089987813799 -0.597479505050407
2.9090492117029587 -7.532318492632835
4.8000289341281395 -6.8506764760227
2.8740121797770843 -1.799065357282029
2.4161833185798276 -3.1794031465491095
2.5408826177893067 -6.4638147040783585
3.182956821113376 0.6766465714331615
3.58361920906653 -10.964947864345318
4.907475197333509 -3.975249367954717
1.2523818042084445 -7.979239698651083
1.373713814423096 -8.232834296777895
2.3590101835447643 -3.338744635756829
-8.359795510825744 -12.938159794997455
-2.4627391440799964 3.031630343083243
-11.713300727422604 -6.883013204589352
-7.44319411130094 -13.393445846464793
-2.91649068705584 0.7129372677786389
-1.8854413739654652 -0.845006937300256
-11.062402279302033 -8.412605643398187
-8.006403695549869 0.1425012332822709
-8.09100395052535 -3.2034210312390305
-3.76191639912336 -13.564207660585868
-4.531514631704279 -0.37760788497173997
-5.017168669850414 -2.7869434372633815
