0.15239779059399725 12.051117427452754 2.916333729736248 2.9393233553845213 -0.9070252788149479
8.755528073541196 10.354469962247778 -0.9879395268555233 -6.58469489451108 -1.8311404259306994
-0.10166854863239982 18.537246717244127 6.231605591305644 3.299452974911983 -2.8581641597087737
1.7933558131910354 11.285575947429766 5.875511283757351 4.475507807821744 -1.4816723601496096
1.471476096766714 1.4415823467927977 -7.969462541698045 -6.483322081252281 -6.714519396523213
-3.067864534998056 9.237105194944693 3.9493687158624327 6.388978183688179 2.1784904952936146
-4.880478546332442 17.04185959036619 8.034220574894325 4.327518197669605 -0.12049702649110444
8.110308031538246 11.94975599913381 1.3569441929042818 2.874687755899901 0.38852672337833655
6.693048196527077 11.474181512861016 3.8340417673842144 2.9421429964155013 0.14526952417010808
5.420854782934558 11.539529403600763 3.2488847589717404 3.2711210012712137 -0.5130005604509003
7.013210434972581 15.092598391996114 4.745908904613685 2.7408780129667694 0.4707923825177805
4.191657382960477 11.579761530236073 5.605000368858603 1.2202237799847877 1.6782393198296073
-7.298789468844217 -15.127040148004598 -6.408924310885848 0.3965374439446487 -1.1895702253688267
-7.0620877933707265 -14.916646588794267 -7.332488694658959 0.540560542206051 -1.9100822449937132
-7.772198801874935 -15.153059556354183 -7.023130979568627 0.005405001487426925 -1.3143830648707464
-5.553190859832488 -15.752938524720127 -5.856337953306041 -0.4751190129374093 0.17475853890482357
-9.513038747393285 -15.048746436963025 -5.923600927449204 -0.6368840791781392 -2.8569707940397664
-7.179571882166656 -15.164503604744555 -6.573395542158175 0.35037549492386527 -1.3228696061340977
-8.186533427707687 -14.685686175408955 -7.81024300813147 2.759184813717743 -2.1582881941445713
-5.260441795701981 -13.50408330179907 -6.477824297947951 -1.5047751707127852 -1.1829433036767425
-7.570182997836004 -14.527807360052961 -5.004807640933767 -1.0950822618513953 -1.6965003330750459
-7.072445777548226 -14.545750116352066 -5.539278611699766 0.6548569553108259 -1.7577662992206518
-4.7661096781522065 -16.062539987243813 -5.393249227200326 -1.3289381688077744 -2.493073412453579
-4.832330344005777 -16.50708730082812 -4.632543994738691 -1.143352664916776 -1.2358728563997565
12.97126233089381 9.837815961906616 -5.111286839671841 0.9085327664570075 -2.0579698730911473
11.195641240249104 5.21343572525468 0.1709015191332244 -2.258804891631045 -0.3888353906256196
10.882277402807421 7.716037286882615 -0.6295380821266634 -2.2452408135410638 -3.2466989242855964
12.727412188163436 8.58154361596487 -2.2555171761646413 -4.448562416913523 -2.546340412762841
10.010960034492136 8.958546320977055 -3.9988523612235105 -2.9469502018640035 -1.9992120705293264
11.967696759938962 5.487194350240372 -1.264096326352639 -5.21128970165574 -2.1299088454511526
12.586001221148939 4.203451004388479 -1.9419048374278483 -2.739813290053831 -3.1531447268033443
10.441611608299919 7.310435135543856 -2.37090039578809 -0.5783006987260118 -2.3707178948204164
10.884096019792644 4.837036516588484 0.5141855605994481 -4.459647122867456 -5.860233522987678
11.034769654899893 6.486342931238569 -3.7726004358633345 -3.3151804112825127 -3.718586754306503
12.790098274884587 8.387760051445616 0.004365808657580364 -3.6373056438611475 -4.137403214059344
14.36279052991499 7.5417743410151 -5.0026610035837455 -2.943415704049315 -2.9846488523909986
-4.291617737960387 9.721855262187209 -2.6259006102314584 -1.466683031879745 0.39103244529768044
-9.534834857742599 9.379092182977827 -1.2897481062400165 1.0824315391411332 0.5676497442038869
-4.011973305348845 15.403434856838233 -2.1705253387542727 -0.48639489925732815 -0.9164261996832409
-7.281095870824825 12.06318046003512 -3.3765381305303364 -0.8104336719067218 -0.31643259642846744
-0.4872832945532003 12.229414089198855 -1.4665400326260167 0.028530405813323504 1.564392054626241
-3.675820012509315 8.839105254884114 -6.481664801824872 0.19095473617976982 -3.234154280603541
-4.919382615376931 13.433864085601904 -5.418548360266818 -0.5232315536836455 2.508338861835545
-4.612308385981104 12.782425570553082 -5.046008199638084 1.1213406924118208 -1.4509903770222223
-0.9755602803397833 16.102191718036693 -2.9862197810616 -1.7847769582349633 -3.8698718123244933
-5.903496862544165 11.698276888826399 -1.3287369725122578 -2.571292027697783 4.350837629808008
-0.8405339851574108 17.947584338606717 -2.2153282424808305 0.3799761745150087 -1.1936459138098574
-6.159839659706027 11.744075045411037 -5.272786688811988 -2.43885505461798 -0.374262819233015
11.530496227473515 6.249248952464562 -8.6683323000592 -3.510462928271025 -1.6352225841643684
9.89698675581761 3.7850759493055293 -6.089605104371123 -0.8139899972854368 -3.907370292910908
11.913763415516703 6.791238074697174 -7.430181069034813 -2.7548782656915676 -4.817074226640002
13.151126269456741 5.0654832893619535 -10.009305000548864 1.2222449438755565 -4.381620995874126
11.479770605286028 7.266901620037304 -8.450410667097694 -0.758286384800533 -3.448969931286226
10.28665584233641 4.779402033104782 -5.610437140270896 0.48920660474569133 -6.11734484564597
10.683964361190068 6.2081022437858895 -7.492128167832856 -4.387293997711151 -3.1578449099380017
10.12927909949108 5.90109574410167 -5.559182422744103 -1.8420140836160739 -5.450458195283594
11.676645119259902 6.365089948207654 -10.563705129519779 -2.1296708794478096 -5.521533437282019
11.67660979041536 5.468058178119866 -4.839599141928155 -0.2896207285101271 -5.366338161643142
10.406903946982043 3.011480033632983 -9.338599552888361 0.9659227798899933 -5.0739924517220345
9.936965449241857 6.3166904252435785 -6.929287985577483 -0.8517091316304874 -4.890915922809555
-13.693926490428739 3.484790759750954 7.8974661389395715 -1.10309113280537 -2.9006852886471983
-13.797082309810156 4.136800147675119 8.135361116790303 -1.1608845259327996 -3.4206517405774073
-13.984983798898496 3.390298328219887 6.9783331884061575 -2.311515272853407 -2.435301475384728
-14.812966832770226 3.6504294822522 6.816777834962533 -1.351752953787956 -3.214138681828453
-14.487389270932658 2.386593159553478 6.1906465103231705 -1.3616485364179989 -3.182495808604738
-12.503072722788625 3.188784500285847 7.104243523952292 -1.7296381239126986 -2.8409157044158215
-14.777225675496721 2.8462192349103224 6.826736298844771 -0.46833176322089665 -5.171352693659829
-16.146665206689793 3.536463055379496 6.8662998622430464 -1.1509861908912875 -3.504058009193046
-15.650089900524867 3.5997068499228217 6.852194235514627 -1.2221041777683266 -3.187722586685131
-15.116955883776681 4.685795487354342 8.62880259655976 -0.8122642047025858 -3.5250070092378225
-14.335806292745753 1.5200165340232692 6.9391630477993225 -1.622656151870739 -3.349179370326227
-11.791388065355488 3.159495099971476 8.095891045075994 -1.2416814309493112 -3.405977662281894
11.255063597035363 4.028005091350944 -4.5582829731647285 1.5956384287129466 -3.6984874429534575
11.074011372489341 1.237393189837562 -5.235252054084347 -1.9410346887485923 -3.2381652329535653
13.549414845863264 2.6395144771531758 -6.340046247441833 1.8056676959916196 -0.5558921691023472
13.25919375900105 6.020024534569283 -5.8628296993162685 1.5154073405141335 -0.03675719918556809
16.69465634862411 5.823692999146683 -8.37944531545032 -4.659982689394531 -1.3207752531095005
-3.2129304725510877 -6.172390496655681 -5.538859256783129 0.8391001574858401 -2.0774448899370683
13.90143749316949 8.153221575296646 -8.516060216288658 -4.561956695916331 -3.94676878955483
10.166520245543767 3.1627496420753105 -2.7413053183931315 -1.4794048655783647 -2.332586770528578
11.980607415805224 4.426350228812922 -6.462615970333781 -0.2779401621627329 -2.9168409609905965
15.763183695155332 5.311101479546702 -11.219687939552896 -3.9776558781444775 -1.6470072637550235
15.302899374584205 5.384768943301724 -8.966490361618892 1.6766923804591147 -1.7749889754071617
12.649050682216295 5.5002555415505325 -1.0313035579111052 2.888003609168235 -4.286659746249985
0.08574303184347029 10.851619569357892 -5.5213664070940816 1.1981040078238092 0.6545992623179495
3.0718975432582587 8.977924379906284 -2.233982081729388 -1.3628376360968326 0.13399011418344053
6.171973780363921 10.559760909880126 -2.7267922689892434 -2.30456305106914 0.6862733751853733
4.390122084727414 9.500303785124217 -3.3637883697670565 -3.069980232431911 1.073289772853808
2.0509084168755973 6.528852002878908 -5.971459689396237 -0.11321506231199148 3.018517947137956
-0.4442469576113197 11.490720845424166 -5.79421024011377 -2.140147138514566 -0.9337187910592141
0.9919819788198185 14.31586922828086 -5.100272209516435 -0.9156893213357554 2.0540387987592457
3.645054733804297 6.192736027162961 -5.524924036314891 0.24532252879731908 3.1092340604659108
3.4765005893102012 9.744678987162354 -3.0039870958348533 -0.6352502300628267 1.1855707326023888
0.40893103934975594 9.879898282063042 -4.171669446780889 -1.8855705257964679 1.034719824346786
1.6875390744753915 8.605759414985181 -1.510631070822471 0.11054875472530984 3.122437680850125
4.573904012101437 12.334753270134401 -4.526569149735403 -1.2884323595143323 -1.3647964721764945
-11.00156189911069 8.419229048944915 -2.825027300689725 -0.7945817995622272 -2.84640219689854
-12.078430848594317 9.379124312514417 -2.813366021836434 -1.183804596574467 -3.1989066713000462
-13.304812690396753 7.668620175283585 -3.250076892178883 1.597053495339323 -5.57231435364587
-10.810587124885835 8.272044936608355 -2.5661369440274915 0.5576757312234704 -6.277651238053338
-10.679495651886345 5.979352044004466 -3.0539040457332183 1.4061968646049288 -3.37075984539059
-11.213895892567207 5.396786084767979 -3.7876484644165704 1.348552854725462 -3.6962424520206256
-11.350091627762794 6.097168458709422 -3.6269487471408763 0.9344973866433923 -4.562086384039916
-12.285425825524127 8.523867795958306 -1.4303817940188 2.9725438467638043 -7.769419527868863
-13.761796573112813 9.436431193168854 -1.075236503702265 1.505456941211574 -1.0166748179418568
-13.499192859996043 9.771384952446292 -1.4270776394643174 1.1997191219497911 -1.2629559725781707
-13.794940336883752 7.27499091594734 -2.7302419210348137 1.2117798085596074 -8.675688673643275
-14.480705958430713 6.308925897573727 -3.997353328547834 0.45777088194253357 -8.41939397018482
15.657802972798722 0.46030796976628985 4.739117181168243 1.3935900098423581 1.516817769036419
13.116494536384229 -2.399324152213637 8.402987846715224 -0.3985292437249198 -0.6323057974729636
14.69940941074117 4.882395157249316 4.9222817818812645 1.5026919212586864 1.6734728976480302
16.5205642032492 6.10630651070447 1.70524717905006 0.43060105592112413 0.7413539669242036
11.895134420461956 -1.0741687592882823 7.093991090363365 6.119539858512123 2.5315212385457575
14.84143089383635 5.573109818336422 -0.3530473862471264 1.420289983285319 2.844897950899293
13.003657367403754 6.277079739278234 6.5387380548152745 3.972379333031542 2.0405425267984882
14.933882621253858 3.5978409306748276 4.838491492083681 3.456439617566326 0.0953871321966421
17.833468925041664 4.050207495330834 2.771525625085288 -2.9672188752529474 -1.596497595591092
12.05073966968616 -2.611423289390704 8.959513481112438 0.4338401421538436 -0.3253336857973569
14.817324496625295 -1.4610544356368023 -2.696668187627004 -0.521506142015106 1.1477583065150592
16.077964592105136 2.8457389409644547 6.487860032217576 2.5848915770295573 1.557667136948204
3.988296793232456 3.732650914710345 1.8466772823744768 2.6251135886299353 -8.079037090494944
5.493860058991051 3.4347301732671704 -0.3066101696668534 1.5115791185800906 -10.281978859459853
7.348723211486989 8.552459353778678 -3.268519127501871 3.9408125642593865 -7.587722133314136
5.89609755690763 3.0167054139228946 -0.2189088676536415 4.049913780695457 -8.61334361085699
7.646596171865772 2.5381027132672993 0.4421326827791818 5.282395022746823 -6.7029870329489185
4.46154723971706 3.5524589175431642 -2.1212221479067663 3.3934656941222507 -8.430925239134982
4.540509941158966 5.860870121090632 0.6144464662623306 3.206308275180012 -8.448509427129336
9.597853632335868 6.687540666060392 -1.035417363066902 3.3963173461528755 -7.123273540147855
6.910376690836343 4.679860129132891 0.6173186492514695 3.650892137053614 -7.692796849385635
6.433248367781116 6.222582837442253 -1.0107077417045471 -0.2335680556508219 -8.755776328824375
8.575067827375854 2.73761247280527 -0.05417761160252037 3.87527747227718 -7.2324186381215805
7.838327772503741 4.0821566770921525 -0.9596991799456698 3.4110392945003554 -8.178206344719722
-4.47918379771699 1.1513916597084883 -0.7102123933011539 -4.7277691953087 -0.026988992623446877
-4.950299757869718 0.5071236858063911 -0.6890284315416618 -3.9247037385649546 0.7041843952949299
-4.100873740326842 -1.1161465879239492 -0.977479913159842 -7.375275569579148 1.6384691292950344
-3.8876248217162837 3.3688978436965717 0.9104290992116814 -4.527860612282397 0.7193101544095072
-0.8315155236365619 4.027228420528763 2.7675709824808328 -6.64527607842495 2.1948554134916645
-1.1709509567406677 0.5243136614094268 1.8105388057876735 -7.61864136924161 4.859686274556876
-1.8188527482318115 0.45406307819164365 1.3279858456446585 -8.635906595538186 2.7756448090892403
-0.6640162085254618 0.19294307419716047 0.900186112283053 -8.110972193021379 4.415878132088151
-0.7088283137069621 -1.1538038722433444 1.117778536651249 -8.015253622762794 2.5974744806503884
-4.049496498151821 7.652512785176337 2.6000446560755326 -5.960072299130428 1.9909204452106308
-2.783511141004399 2.0350114685560623 -1.096718780498509 -8.055859506570844 1.936401569350811
-4.095376579124042 0.363592351578275 -0.5650051750582024 -7.303189445302739 -2.264192564250413
16.9002908743934 -2.6984950619076478 -4.510582883946801 -0.2638711009461442 1.3762490745128364
16.86307745691725 -4.281781255922196 -2.509863327072401 -2.747383958115851 1.3480042184098022
16.827119054922704 1.5518839504014745 -4.600946178256045 -10.801407114430981 -3.143819045706304
13.427713463763265 -4.838048539427406 8.1750908068508 11.695358638337536 1.860855791402025
9.742042696610627 -4.514371908954608 6.587899743068485 -17.892122151260008 -6.0950796504063804
10.600518669276127 -5.528873453588501 13.444780573979262 5.351005330758131 -1.851487183959524
10.897734699884264 9.384257663828206 1.815650874221221 1.723709817883388 -0.8623037752902288
16.186149512847283 9.473032171325734 -1.6650091793437458 3.184422469669185 4.458065846273295
13.565145534880152 13.544915348023041 -3.0829894700663325 -7.084857254017274 -0.8347109675674705
7.304661864566626 -10.410929427468155 14.897626195630066 -5.355541440535862 -6.07240077130499
14.438280320157478 9.556908825367605 2.3704286538740496 -2.1180414552849673 -0.16946201854152976
15.837794098771314 -5.32294366826628 -2.3333417294402956 -2.095743697832313 0.143689589399261
1.0242256783468673 8.714499005960906 -4.943615544829686 -0.5742446492638413 -4.530916006203808
3.8122760466222667 10.51655877432281 -7.386522030741221 -2.7848998512386767 -5.400632815793408
0.5372899727361085 9.884570118349435 -6.20294529485325 -0.2557664748104534 -4.461119130080945
0.5082973978774127 9.307105336740662 -5.947776791839932 -0.35545717273491434 -5.493265623848271
3.2107640148922854 7.827033522967116 -5.262422538150075 2.0546384779627203 -3.3173360658505526
1.809574666300509 10.126991768611132 -4.972639088489677 -0.41944379456634157 -6.13003861151543
2.337853917363239 10.287377648125863 -4.131741571855016 -0.8970915663285565 -1.8270798301556945
-2.2633823858616307 11.491711185311475 -5.865217811799395 -0.9834357817277287 -5.058920923447897
2.071455417208975 9.041235675432917 -4.368211229316026 -0.9377576303172566 -3.8476021895944412
3.385987658078583 8.740244628844525 -4.640449171257175 -0.325829972546366 -3.9319276985124456
2.6103763638127537 9.801876639948917 -6.692726392711239 -3.1085959907595018 -4.848360159600803
1.5273357476902676 4.886902763436637 -4.471431323039553 -2.198644794858597 -0.1040038043459575
13.110969870853621 3.034027867125344 -0.41054639674668886 -2.4460906139320064 -0.12950185499684175
13.66969266557301 4.825442775040834 -2.3340155865416015 1.0459582417569748 2.0299869267347885
13.931738926277433 5.7135170036530365 -0.8086928627436865 -0.05566060465756998 0.033960699309816544
15.194195027284433 2.516536093541075 -3.8634009698811482 -2.522389061813853 -1.9312513926297616
12.973592698661001 5.907847177916983 -0.15308823179034525 -3.967216756030183 0.6864757770792473
13.93455689588841 2.1511056683273595 -5.150901587752432 2.016650058551672 0.9689077835812667
10.541761424204765 5.203364921828727 0.2825851627008922 3.5605312243381158 0.10070148804459038
14.872344516061055 3.4960441677054446 -3.518915757774863 -2.826722579537231 0.12291592933713388
12.07068447383595 4.464865450247277 -3.6679669595028104 0.08142752931939717 -1.9507738306725069
14.83852153640278 4.014541366604878 -5.8459686550126 0.11227274404503357 1.2262073162651035
13.782451917043819 2.2389532442900197 -3.306440759878988 -0.9249540083890355 -2.7408715638005514
11.021470568373324 2.6915292739920886 -1.7945973482572204 2.052867688125554 -0.6964676678427586
-8.87542362617819 14.468232485828565 -8.340764820289268 -1.9705396896611473 -2.112330520171862
-11.207452001053975 10.04825174390716 -7.563318889578311 -3.5981626518198255 -2.4647405696285096
-10.236937488617592 11.181468363612133 -10.287619777260767 -1.3261516868137098 -4.6452189453104635
-5.994003632082416 11.54488288006443 -8.260191527576325 -3.7562086607572565 -1.4978760303060425
-6.614473698271195 9.332718465852574 -6.5863803891837 -0.08710917053340105 -1.076280593831507
-8.11156539639126 12.04220781199263 -6.559066184734763 -2.9861817428278816 -0.825145287585034
-7.706774311920737 9.189127118620359 -7.27391299373941 -3.061339823818994 -0.7589734528822143
-9.452197659782557 13.622982330949029 -3.800638984935642 0.043150301388114834 -1.017465412027265
-11.029224749543106 8.960602067146791 -4.838447592199005 -2.7112410911111335 0.6461012750551715
-7.310951427616532 9.7189640992409 -7.684413851063047 -0.4624408477557785 -0.25932197583463923
-10.642027194588877 10.421730199059489 -8.823209217591659 -2.3792282462282666 -0.316700748504954
-6.098980841519496 11.75203303177485 -7.598941721258672 -2.946926512014564 -1.178290900638176
2.972869563225823 2.3680814577511464 -11.065994080102582 9.75241742426827 1.614118983346367
-10.499639967587298 10.166347167409855 -6.297745725086168 -2.194311529928939 -0.9223660242485099
-12.13334121071837 5.984110389150475 -5.5783733051829785 -1.773397989195496 4.91836555038292
-10.665885386324595 1.3759593885654884 -14.419186156677515 9.805687040714702 6.087036723936255
-5.1792862870923395 2.9736361085031526 -8.186925374700866 2.6121165994174222 -0.22653204732013163
-8.52149729735901 6.194951218213604 -6.054607430015115 0.5646947247419458 1.3335097757727674
-4.807594592565156 1.1900445217697684 -10.933530956384043 7.580626425011888 5.531152077581096
-8.851007619538256 17.41554230600788 -3.0795284414380477 -3.872311942425364 0.577241173994114
-8.969520902993315 3.0962877329513008 -12.070099980038298 2.0851495734921075 5.853742205358596
-8.793393601709035 7.489015624983697 -3.67744268317377 -0.18614596723774493 -1.9221820725514038
-4.855926189524022 7.749173849073575 -6.875602819442001 0.06056855038184874 -2.5379223045790678
-10.620078089837099 2.3640632341406125 -10.547159332019817 4.227611398758343 3.5836549431533657
5.882877550900969 14.703582571768548 -1.9659046596777079 -4.599530317110766 -3.4686174289441873
2.368016196729224 -4.930046285117843 -9.835896850823374 4.058116525423648 -4.692316543547459
10.46488362621897 9.056753994249851 -8.113268200692577 1.298600056374659 0.3675432408404016
3.7431580070580526 16.052001896841745 -1.9619874211898964 0.3698422529424368 0.7494389705960838
3.6785125776366225 -0.7895151970056129 -8.966888012567665 -0.5031428144743212 -3.5225266010083276
-0.21107636674698851 -0.7443997196226882 -11.404186899886279 2.316516324186074 -1.0157668630825136
8.921720690001948 9.035593827111985 -6.823307952067867 -1.1269744601647442 -2.515950468935767
7.945551079148656 0.5180145787135532 -10.990613747359257 1.6037604154735061 -2.56243253808226
10.56252303798436 3.6617996902907577 -6.892396664120001 -0.47445887778276147 -4.387490826823024
-0.32535806514766286 17.92667424951756 1.1530796610241723 -1.419147721457652 -3.0770666891341816
4.824724719442949 1.4998056555969543 -10.57414434715646 1.1845816008574055 -2.369487832810697
6.268724044921372 3.448291183057532 -7.55997950106981 -2.441025297092492 -3.892979994425081
