0.17587209344428312 -12.048867305064093 2.93040099234658 2.9286661242876164
8.77561972808619 -10.28938444841497 -0.9779253109294647 -6.598984048370749
-0.06555197562069064 -18.535677095796917 6.25328715944027 3.268315684867438
1.8153357083800825 -11.270013371841753 5.88911622348024 4.45652908170345
1.4742473790677062 -1.4334415249650663 -7.967793703780736 -6.533682253876825
-3.0498416229933976 -9.258546648688565 3.9605431266768845 6.404161223136405
-4.8472311651147635 -17.075348774235856 8.054075219539895 4.3185360289269035
8.133518257565498 -11.888620018730885 1.370243927774167 2.877123962973748
6.715350981272512 -11.422751175158162 3.846963389501352 2.9398127124047746
5.4432929190976544 -11.497809289419253 3.2621305399485485 3.2635654038989683
7.0425594966174465 -15.038432856545507 4.762661611450481 2.740597641725603
4.214190663766482 -11.54638871331507 5.617431859268418 1.2296367428281614
-7.328208495385346 15.070157008717743 -6.424827443723091 0.3922196211853113
-7.091101805069199 14.861203803787141 -7.347985956753079 0.5308638361590708
-7.801666691872817 15.092420077800522 -7.039092585080687 6.617085263321762E-4
-5.583840550600972 15.709285586415746 -5.8734881481221475 -0.4679673982608652
-9.542286592519613 14.975494383878374 -5.939156571318937 -0.6563409290259212
-7.209065291135101 15.10845203078491 -6.589325790319353 0.3450544724111776
-8.215090432348648 14.6216814904553 -7.824887554005526 2.7476877549377785
-5.286716573963371 13.462404475072114 -6.492467925880987 -1.5088005761826195
-7.598428739857686 14.46939662625297 -5.020249900907979 -1.1052538947322548
-7.100731982159794 14.490871519002642 -5.554365603591227 0.6446400822894168
-4.797366939764924 16.024927481853044 -5.410350975917407 -1.345741149836111
-4.864450404946785 16.46924944533899 -4.650374901238476 -1.1499209577896097
12.990302433856085 -9.742692460227957 -5.100367759914717 0.8962306688657187
11.205706541587018 -5.129725823509521 0.175784776306116 -2.2619972560475468
10.897215884625712 -7.634939963069591 -0.6212692776361199 -2.272708199548147
12.744016701780614 -8.487244988311248 -2.247006460255494 -4.467981133569882
10.028314448529688 -8.88515395314234 -3.989604772939962 -2.95975151577069
11.978284751109394 -5.398235673699833 -1.2592100322080997 -5.228193913586479
12.594082534072518 -4.110115402990036 -1.93768927349291 -2.7651739767190944
10.45575835859745 -7.233247783436782 -2.362897314679066 -0.5963111541414966
10.893431868420056 -4.7555392659946865 0.5193895113903197 -4.5113816712234955
11.04730279506038 -6.405236479055706 -3.7658183408439116 -3.3434985931015513
12.806331879012214 -8.292186346764403 0.013191492752172893 -3.673163262004608
14.377349192126383 -7.43624066338154 -4.994939617805574 -2.96391410177884
-4.2726614812978925 -9.754800642300905 -2.6154037329946545 -1.4598533163999698
-9.516501170739167 -9.450720845740456 -1.2789021957911986 1.089207101032287
-3.981954366389984 -15.43409584928692 -2.153291202430974 -0.4914136312530887
-7.257559508698947 -12.11870927881569 -3.362996799090712 -0.8089155986646681
-0.4634702444959109 -12.233511875876987 -1.4534012220406036 0.04453046152674925
-3.6585993185029713 -8.868825131264185 -6.4709803326063 0.16979071622499547
-4.893201824873315 -13.472472192362279 -5.404219704563686 -0.4946065577107415
-4.587397369611945 -12.818605540210886 -5.031175598277376 1.1144634484204679
-0.944206803777677 -16.110462423587702 -2.9679949243610246 -1.8149035594092984
-5.880675486804853 -11.74279303684446 -1.3171179459308175 -2.5307035324401586
-0.8055857649302929 -17.954556019706725 -2.1952120687004717 0.3726161316054201
-6.1369392036206625 -11.791910837057031 -5.260022847200618 -2.4358308776379363
11.542548819018892 -6.1661868427834 -8.662346111381975 -3.5152342750808114
9.904261579333827 -3.713301756730542 -6.085177796839319 -0.8417981660222119
11.926872205462221 -6.70486652095233 -7.422738841569159 -2.7890233605157375
13.160857016542819 -4.9707866881490474 -10.003061611606137 1.194374966425807
11.493805867350309 -7.1841275324572935 -8.442324438611676 -0.7794276876661981
10.295865297905628 -4.70453733209993 -5.604149995478001 0.44142574085165537
10.695947028627204 -6.1309465756942325 -7.485991385484355 -4.406702605840852
10.140674173370531 -5.827388887622779 -5.552306836881045 -1.8838007319931593
11.68891632409272 -6.281607143473103 -10.556438141292169 -2.1667831563708617
11.687151787018776 -5.382534796843273 -4.832948166276135 -0.3315145845900304
10.41265844233031 -2.9370543031526695 -9.334387647255872 0.9311849522471036
9.949167079498663 -6.24490355709339 -6.921879116857535 -0.8872004013676402
-13.687009949723185 -3.584248407800279 7.902309731229366 -1.1367921699184114
-13.788894609988263 -4.236940129765832 8.141036735458476 -1.1993876281246445
-13.97825180397441 -3.492261667596548 6.982729148525418 -2.3400519458647424
-14.805722356584864 -3.75863090152882 6.821872061227652 -1.387070037358081
-14.482610255818937 -2.4925926923679835 6.1943249434793515 -1.3960661427816008
-12.496744274926487 -3.279632933489606 7.108569599981427 -1.7619517499043869
-14.771547453364473 -2.9541517932045966 6.831581008078543 -0.5209902551872958
-16.139632123764606 -3.654609226504907 6.871443347364892 -1.1888746942111599
-15.642937572677633 -3.7141486203614162 6.857297496903109 -1.2572047362037413
-15.107687370974883 -4.79561469065481 8.635245227601784 -0.8521694290974016
-14.332713603597671 -1.6246222825206433 6.941871215822229 -1.6593410704237197
-11.785119151571863 -3.244672835959203 8.100374254295385 -1.2800592370337671
11.2628055765894 -3.945532635604915 -4.553158959610007 1.5679717358466363
11.07631868357177 -1.1565390935661883 -5.234060857489063 -1.9639147269138517
13.554429767263445 -2.54054622955746 -6.3372225056218765 1.8074763301474803
13.270795110253998 -5.923037062123912 -5.856478081293571 1.5214550980744763
16.705840987119714 -5.701959055812139 -8.37448564555727 -4.662265105444558
-3.2249416634608297 6.146386098653393 -5.544840595539625 0.8263829560235167
13.917179625593144 -8.052387775880382 -8.507800376792263 -4.587140104415544
10.172591416391267 -3.087773667365033 -2.738049520302833 -1.4968378757416012
11.989113602147727 -4.339140185835873 -6.457665044355554 -0.29660363783417176
15.773368722851563 -5.19733853324364 -11.215011786937149 -3.9798426424290767
15.313238303002517 -5.273624766315113 -8.960470437118389 1.6706882162383576
12.65965946416114 -5.406101889768389 -1.024243886290882 2.851385122674454
0.1068562684269466 -10.852886350595048 -5.5093358487385125 1.210132258786932
3.0893490845026386 -8.955730798270336 -2.2245704950812226 -1.3588213489156122
6.192479930413152 -10.514580823264959 -2.7161128534502796 -2.2950540988919417
4.4085771208717945 -9.468668287133095 -3.3544251248734445 -3.056358083774502
2.0635874725975385 -6.515627017975371 -5.96503623118515 -0.07987852382406746
-0.4218859196657665 -11.496049549187592 -5.781811380114444 -2.141608085342165
1.019835237495474 -14.31020399667397 -5.085180373407933 -0.8913950360009429
3.65706824972549 -6.167444977349481 -5.518906828424725 0.27889894742171817
3.495439681257628 -9.719731655054689 -2.993836828456153 -0.6211622593136509
0.4281537340086481 -9.878283530628401 -4.161457471715237 -1.8714897443717309
1.7042788965888376 -8.593646832458491 -1.5019093971136328 0.1401155156423311
4.597873429106394 -12.30213936719704 -4.513203115358838 -1.2951061601402165
-10.985090590499755 -8.50237088363125 -2.8148390047298775 -0.8163381991160054
-12.060081964111268 -9.47030185071412 -2.8020829085945445 -1.2086035928925989
-13.289786405130226 -7.769115061977085 -3.239472192467552 1.5515722488110857
-10.794403122473142 -8.353664780206012 -2.5550551644481003 0.5053290912541168
-10.667778622527504 -6.060176406539962 -3.04581300079207 1.3798089015341175
-11.203311357489106 -5.481866989661282 -3.7801060767884476 1.320056641625272
-11.338141716295652 -6.183206763376595 -3.618522101573775 0.8982553866728578
-12.268736519136493 -8.616091026328089 -1.418104283383419 2.905707389276909
-13.743317688468277 -9.539555489343469 -1.0637261539521323 1.497899901742224
-13.480064855929667 -9.872672164512734 -1.4152188546639404 1.1903964235406608
-13.780675136920113 -7.378964649771577 -2.7194397356462026 1.1384083438482169
-14.468320475141393 -6.418480914597955 -3.987778612599282 0.38803003953293547
15.658591997968793 -0.34165431376419697 4.73889956370133 1.4019202789672298
13.111746156249538 2.5002811597439325 8.399831355908358 -0.4130467305373399
14.708817373886845 -4.770811434166084 4.926951550832354 1.5124513710137433
16.532331403467914 -5.982262605618602 1.7111607794366293 0.43564064959540955
11.892971897929487 1.1655609219974226 7.093038227853693 6.134035223171868
14.852166572763853 -5.462342221510248 -0.3478814723476874 1.4459866660186236
13.015799267625109 -6.177572263179646 6.54544442096194 3.9835795619057492
14.940787138648728 -3.4845370423729793 4.842486892849019 3.4521757295910787
17.841225458357464 -3.915996763936321 2.7749210674509106 -2.983824693070841
12.045588272282789 2.704619086839526 8.956287113396362 0.4213943307257513
14.81435589742955 1.570763886030235 -2.699246400568666 -0.5084786390584046
16.083400738114708 -2.7233075637204123 6.4904849037473396 2.5917947844860243
3.995539818579485 -3.7021743640521385 1.8529235230911008 2.55198279383145
5.500504647758209 -3.393779714251535 -0.3005002515832423 1.4213419190531333
7.365309779310758 -8.49867563714161 -3.2569826232260515 3.8774209076646313
5.901925267846264 -2.9727143367892577 -0.2130956429826142 3.974143526470644
7.651480320633256 -2.4807996079152415 0.4471729532378991 5.222657211366517
4.46842353129663 -3.519860322925031 -2.1149569929253604 3.3212723292382234
4.551889067054999 -5.826694901166518 0.6232177250329618 3.1312506530885624
9.610798083208698 -6.616172064342386 -1.026219374365352 3.334652624160102
6.919437658379766 -4.627986955671419 0.6246122660500745 3.58241805030346
6.4453121526014 -6.174856457565657 -1.0022832035064395 -0.3094126358951804
8.58033173528587 -2.673553722537926 -0.0491316232665646 3.81149089975614
7.846212806398983 -4.023918008453829 -0.9530332975977726 3.339958763729984
-4.476909041148988 -1.185109602715802 -0.709675007594114 -4.726768428478298
-4.949275828287735 -0.5443544134859543 -0.6891678274289607 -3.9173364866507785
-4.103018197629716 1.0851395650837363 -0.9803584841383668 -7.35915202021788
-3.881031656002519 -3.397607077444904 0.9132653380579282 -4.521859210030297
-0.8236584926299181 -4.0324501250869655 2.7702363388968076 -6.628008492862809
-1.1699152713413674 -0.532433383084155 1.8085774354636808 -7.576971238841606
-1.8179502897387279 -0.46719759966642105 1.3261842004128186 -8.612115809662418
-0.6636325176407888 -0.19760382805537605 0.8978351394738859 -8.072228603519129
-0.7110660636899063 1.1488790885195377 1.1143634850101676 -7.992848756552721
-4.034555603181935 -7.681810160234541 2.606999546876856 -5.944369502177577
-2.779530110153899 -2.0562057117630146 -1.0964012860170307 -8.036857686204526
-4.094638390600598 -0.3944027186886711 -0.5653840354541934 -7.321952229541549
16.89489089526105 2.823110928499833 -4.514604859037329 -0.24695336839392443
16.854600861038442 4.406817079365234 -2.5161624239754317 -2.7328060500040925
16.82999599960304 -1.4278531335552953 -4.601562838429624 -10.823567939814183
13.418213069612227 4.941269399397993 8.17127324109069 11.702322680701274
9.733196593934943 4.589416686690984 6.5800759193064495 -17.95201306660939
10.589711263758009 5.612833611699406 13.439813353993681 5.3200433514320205
10.915928978890875 -9.302153929780156 1.8260294116956475 1.7145708643382147
16.204464827357405 -9.352662429439789 -1.6555921349472433 3.2258997284237614
13.59140594853007 -13.444635378804794 -3.0700003760538728 -7.087863237388535
7.284378035694499 10.470733515376928 14.886086488650385 -5.424990524833768
14.456784972899882 -9.44817048159878 2.3798906493244876 -2.121391714319334
15.827298611390024 5.440380256800251 -2.34031925065005 -2.092017671230985
1.0411718822612746 -8.708565365221903 -4.933127848379161 -0.6084719221003857
3.8327021468028684 -10.490666896055869 -7.374476607121825 -2.8240317243110478
0.5565145255528429 -9.882715476749741 -6.191104181003775 -0.2880452801322475
0.5263984896594369 -9.305379586282825 -5.936358852012816 -0.3971224718272505
3.2259640910156593 -7.804878402400409 -5.2527396915541 2.0312122001208963
1.8292651494468424 -10.115194327037981 -4.96026773368895 -0.46769699658842
2.3578551831893977 -10.271334886425219 -4.1202493087819 -0.9082537372298652
-2.2410054913431257 -11.510649717323087 -5.851510438399893 -1.0211944304345493
2.089031478309646 -9.027273832735482 -4.357654403127183 -0.9665590861181764
3.4029665465634196 -8.716560697506091 -4.630129366132867 -0.3551172276776651
2.6294222789495945 -9.784719905027059 -6.6815907476111205 -3.143570270795737
1.5368262004925044 -4.8770679337308405 -4.466491633570906 -2.1943664132119185
13.116774631131518 -2.9362308403776933 -0.4082321954459768 -2.4463754707872343
13.678975493935686 -4.724138848675888 -2.329490858175425 1.0666303628884548
13.942753704547524 -5.609710142453193 -0.8030227172727074 -0.05417555228669579
15.198965304314791 -2.404411820836564 -3.8613826235992192 -2.5349992791400364
12.98499537889154 -5.81097345948665 -0.1481467956535404 -3.9604587284014277
13.938621410133328 -2.0488387500421137 -5.148902353427596 2.0306699305042857
10.551812506378186 -5.124483641022235 0.2885818157354487 3.5611885676577866
14.87902570516916 -3.3861969389384736 -3.5163109777424526 -2.821481417818743
12.079273525225554 -4.375985473408811 -3.663111128582213 0.06839886820666818
14.846205478294538 -3.9057653768044447 -5.842436354529833 0.12946973313678134
13.78669435189729 -2.1371727104628495 -3.3041388399060168 -0.9453564811386891
11.026620381233906 -2.609822657450991 -1.7915146879896358 2.0486752152642054
-8.84720682877519 -14.537430438100168 -8.324407253356899 -1.979530395679921
-11.187821481061157 -10.13462003798127 -7.551996148354438 -3.6111960806632335
-10.21511623041093 -11.261545867184225 -10.2741208554853 -1.3556289350448536
-5.971501494887479 -11.59254949833885 -8.247678665012693 -3.7598674719357956
-6.59626926791725 -9.384424851101148 -6.575609069772825 -0.08914382645248389
-8.088073154381636 -12.10508084397383 -6.545915004312607 -2.9857216007176746
-7.688843079044856 -9.249246650868296 -7.263933890636397 -3.059653080179098
-9.425608382742077 -13.6948690224846 -3.7849833027808724 0.038898836357850936
-11.01170519593376 -9.044671021239287 -4.828812196526634 -2.699820091014184
-7.291992824606283 -9.776263318660863 -7.673441501262791 -0.45606840388758507
-10.621677688637378 -10.504318815465147 -8.811702818803031 -2.3720108872358874
-6.076072491929451 -11.800244701343361 -7.586098342909948 -2.9485182901069624
2.977423687057014 -2.3497804333175294 -11.06177946151091 9.777961192019193
-10.479781123770907 -10.246972063252926 -6.286357723754303 -2.195327398701299
-12.121611322016658 -6.076703534104031 -5.572682226183463 -1.723752998866065
-10.663167333967714 -1.4607355703574028 -14.416427159371402 9.874201092614296
-5.173480688471483 -3.0152186354568 -8.182796019793026 2.6187495192591452
-8.50938642822108 -6.260727136052114 -6.0475871053941095 0.5830028340054944
-4.8052734432098365 -1.2298261686177803 -10.931594222816816 7.640705059892108
-8.817035711536889 -17.482671944213394 -3.0609593037690637 -3.8630051717349594
-8.963458881839726 -3.1675673233595067 -12.067092388070328 2.149633515024904
-8.778753453278544 -7.55597012614367 -3.6684305685827976 -0.19897086407947515
-4.840819892682353 -7.7878547442301596 -6.866274925375527 0.045682491945214856
-10.615424396766578 -2.447126783500093 -10.543951328670879 4.270241879658113
5.911457364840706 -14.660274643255663 -1.9501995047519183 -4.62713210550104
2.3583675402168094 4.944213794650222 -9.839469766644713 4.026699161069589
10.482413099214616 -8.981425547239784 -8.103566912648175 1.31076129461088
3.7743801610521355 -16.024654722469805 -1.9445755497180008 0.3792336588526204
3.6769190790123676 0.81379051082495 -8.967223246402021 -0.5247238840851608
-0.21255924153430084 0.7387601890514097 -11.404276015711027 2.3194460742125846
8.939224937787804 -8.971339158693082 -6.8134488942585785 -1.141474142260186
7.946464250022635 -0.46257472826729745 -10.989463870138884 1.5927273911871251
10.56955016914985 -3.5853400349570665 -6.887937513268399 -0.5056406574261527
-0.2904442310782188 -17.928601632970306 1.1731938992506317 -1.4466483452722372
4.827575248273013 -1.467524849751763 -10.571920100533738 1.174887387655538
6.275366797337894 -3.404149220907233 -7.556107732562785 -2.4670756383402312
