bird02.jpg -0.17297549215092373 12.055366386113988 -2.845926995424142
bird04.jpg -8.77305377689445 10.295444458069293 1.044415931178879
bird07.jpg 0.06996646284681862 18.549189374902053 -6.124180032704135
bird09.jpg -1.8126985567206935 11.284557003390939 -5.807844982316831
bird10.jpg -1.4737050050273175 1.4173384751803537 7.973724534926404
bird13.jpg 3.0520233373811196 9.26428221356158 -3.893492976028659
bird15.jpg 4.851238013232644 17.08831335318917 -7.935991539034621
bird16.jpg -8.130614709364098 11.899204755455312 -1.2850132871548539
bird17.jpg -6.712622200869274 11.437437205782343 -3.7651234934551394
bird18.jpg -5.440533403577885 11.51001031380041 -3.1796890855992
bird19.jpg -7.038962035261785 15.055409470800392 -4.656570438034649
bird20.jpg -4.211476252488637 11.562602607094536 -5.537468098017776
Bone01.jpg 7.324642127573712 -15.091055317370035 6.321554963590882
Bone02.jpg 7.087608922920338 -14.883906674683427 7.24650831269868
Bone03.jpg 7.798108751738295 -15.115112685117527 6.935207526943221
Bone04.jpg 5.580105968524774 -15.727321340777273 5.765230379466764
Bone05.jpg 9.538729388679718 -14.997415946166898 5.835410451055531
Bone06.jpg 7.205493520590388 -15.129598670421668 6.485820349871525
Bone07.jpg 8.211666425510773 -14.64649631374335 7.726840227062701
Bone08.jpg 5.283549930628199 -13.481535297617038 6.398861357892162
Bone09.jpg 7.594976762512656 -14.487470203717205 4.919731430311901
Bone10.jpg 7.097287942382855 -14.509649848677752 5.455478971075199
Bone11.jpg 4.793544697928344 -16.041202408515023 5.300137734830847
Bone12.jpg 4.860500805111931 -16.483915846754602 4.5369720763517085
brick03.jpg -12.98776862168016 9.743675944612331 5.171308624256852
brick04.jpg -11.204434679977062 5.1406464258909255 -0.13984806295171415
brick05.jpg -10.895309013894527 7.643799245434309 0.6748182527363744
brick08.jpg -12.74185953812034 8.494274912737122 2.304605104347625
brick09.jpg -10.026021518857876 8.885792249069308 4.050342962193525
brick10.jpg -11.976912076174452 5.406736495820492 1.2949009140001566
brick14.jpg -12.593010103590435 4.11771464785097 1.9674115828487222
brick15.jpg -10.453909794311055 7.2378695149721155 2.4148889823658215
brick16.jpg -10.892260594760618 4.7669226500282935 -0.48663607234428746
brick17.jpg -11.045624262972092 6.407346487024854 3.8102081814189575
brick18.jpg -12.804275923131591 8.304235538785239 0.04430881242647974
brick20.jpg -14.375383907206999 7.438786630714723 5.047390569094907
camel04.jpg 4.275118797135119 9.744954625088953 2.678659961207537
camel06.jpg 9.518845843359886 9.438860000338016 1.3409131393279143
camel07.jpg 3.985798930694449 15.425492035389379 2.256290629676924
camel08.jpg 7.260612662671604 12.10438647008722 3.4422127959030573
camel12.jpg 0.46651483180184644 12.229789406679606 1.5355627425695688
camel13.jpg 3.660930273916642 8.851099482940775 6.530929969241776
camel14.jpg 4.896639141768635 13.455890468312257 5.492689032342166
camel15.jpg 4.590665371679825 12.803132416216767 5.117915444124588
camel16.jpg 0.9482407004027299 16.102931622559545 3.0760085730608715
camel17.jpg 5.883589496690181 11.734266908883363 1.3912599782731476
camel19.jpg 0.8100554950832963 17.948836166194145 2.317006887204226
camel20.jpg 6.13995798407149 11.774486387941316 5.335805224372027
car04.jpg -11.540813076516303 6.158020297357173 8.704463777908833
car05.jpg -9.903192229699304 3.709260742011856 6.113372154534733
car06.jpg -11.925032626270823 6.699776664467489 7.470188570347055
car08.jpg -13.159381831400939 4.961206664863949 10.042669695631613
car09.jpg -11.491824788921503 7.176385733912964 8.494332485004458
car10.jpg -10.294562828695456 4.701911140347922 5.640976252198924
car11.jpg -10.694248727250818 6.124563794290795 7.527253090051037
car12.jpg -10.139096799819741 5.824724456201557 5.594342435476557
car15.jpg -11.68710730019967 6.2694171931472455 10.601693312292886
car18.jpg -11.685698971123655 5.382909883455336 4.873839447632654
car19.jpg -10.411702879607324 2.926364916225622 9.359427263853469
car20.jpg -9.947454872392997 6.2390483082718955 6.967414438529239
children01.jpg 13.687689236722541 3.5886507781511696 -7.88214764386598
children02.jpg 13.789728784889181 4.24176503634778 -8.116393751274204
children06.jpg 13.978929762557867 3.494373373875005 -6.964517255960818
children07.jpg 14.806468685353384 3.759605233927707 -6.80100000750954
children09.jpg 14.483060177432167 2.492504494947214 -6.181945858643114
children10.jpg 12.497368733365517 3.283419383800003 -7.090720136924077
children11.jpg 14.77209561938412 2.955183986281333 -6.814777644407949
children12.jpg 16.140350076608403 3.654434239937187 -6.851384549710491
children13.jpg 15.643671109884336 3.714410983502465 -6.83684747120639
children14.jpg 15.108645806578133 4.800275138120511 -8.606841514685343
children19.jpg 14.332932453307157 1.6263232556234208 -6.935498415109785
children20.jpg 11.785712487958222 3.2513069438960827 -8.081955344457633
classic01.jpg -11.261713517812389 3.9461311018429353 4.585510251649603
classic02.jpg -11.075897272377308 1.1554936556780584 5.24409956628693
classic03.jpg -13.553638675471145 2.5394033714032713 6.360036547703281
classic04.jpg -13.26918321325834 5.922655863893553 5.9016458481436755
classic08.jpg -16.704220074468505 5.6993010597929965 8.413779330936917
classic10.jpg 3.2235558040678463 -6.161552439220345 5.503683237069835
classic12.jpg -13.914980442332803 8.04678636009781 8.563001625466697
classic13.jpg -10.171754635943545 3.091338476066612 2.761095383300142
classic15.jpg -11.987878918232914 4.336243512020849 6.490922995814064
classic16.jpg -15.7718061410122 5.1875692995921545 11.251342607038325
classic19.jpg -15.311710572421255 5.26836199372343 9.002462370397497
classic20.jpg -12.658289435906827 5.415750276003387 1.0682206369224647
elephant01.jpg -0.10405513058451071 10.840809052879978 5.583603349860776
elephant02.jpg -3.0870887616734413 8.953694643226118 2.284675884305261
elephant05.jpg -6.189820628737199 10.514382826012682 2.786607712679529
elephant06.jpg -4.406162351674721 9.46539550292154 3.416543245443143
elephant09.jpg -2.061840731703644 6.504432292821366 6.0087206039074115
elephant10.jpg 0.42485109111182323 11.482873733726693 5.8576273022682726
elephant12.jpg -1.0161921302535526 14.299895032213369 5.180805748254492
elephant13.jpg -3.6554157938955147 6.158735230309315 5.56098058947158
elephant14.jpg -3.492972687910904 9.716383859854016 3.0595931673905916
elephant15.jpg -0.4256239073957331 9.869479303575934 4.226299586777874
elephant16.jpg -1.7021263881212623 8.591892299310745 1.5597298535680617
elephant20.jpg -4.594733704783649 12.296476460230084 4.596798783408193
face01.jpg 10.987236284030491 8.48576166626381 2.869183378579537
face02.jpg 12.06246427924896 9.452699129103598 2.862396373584254
face03.jpg 13.291758910647088 7.749400916310281 3.2911694504929287
face04.jpg 10.7965063555023 8.33780357401019 2.6106429847662134
face05.jpg 10.66932911533251 6.043375787493557 3.0859245093357313
face06.jpg 11.20473618657621 5.462953917031776 3.816192860118644
face07.jpg 11.339735181256074 6.164515741293865 3.659170403982414
face08.jpg 12.27087579523256 8.601328449509786 1.4776960381272468
face09.jpg 13.745674061310568 9.524177094927984 1.1259317267304214
face10.jpg 13.482511816491321 9.856768343622319 1.479535593093319
face11.jpg 13.782538770342594 7.359930862137228 2.768852304276505
face12.jpg 14.46997678116816 6.3960231195560775 4.029748363850257
fork01.jpg -15.658600735994408 0.3668252197538196 -4.731204298766032
fork02.jpg -13.11254376164168 -2.469454642596166 -8.413113611525937
fork03.jpg -14.707741598294623 4.795464195050339 -4.889535346766802
fork04.jpg -16.530879454380454 6.001569244181353 -1.66579702733038
fork05.jpg -11.893411571451626 -1.1387695775581195 -7.09250170237258
fork07.jpg -14.850796053583128 5.475548208902694 0.3895963507417188
fork09.jpg -13.014417432987047 6.204166059300405 -6.496827268679281
fork10.jpg -14.940025629821818 3.5092302859977167 -4.811488380470047
fork14.jpg -17.84030560151772 3.938892410313969 -2.7456346382978696
fork15.jpg -12.046450564458029 -2.673576479225697 -8.970558904747989
fork19.jpg -14.814660974104774 -1.5626976246558697 2.6920839555323783
fork20.jpg -16.082864079900784 2.7527035327761578 -6.465474623817204
fountain01.jpg -3.994667446922552 3.7099750983278352 -1.8221668073585022
fountain03.jpg -5.499655593710356 3.398276839845336 0.3291613250771768
fountain04.jpg -7.363132330377227 8.498401595125076 3.322134078401303
fountain05.jpg -5.901181387722625 2.977782918687918 0.240923270015561
fountain06.jpg -7.650870954219344 2.4889712385451204 -0.4215556463940057
fountain09.jpg -4.467501885711685 3.5193988718052553 2.1453877922458786
fountain10.jpg -4.550464135909969 5.832304051020145 -0.5773093846284694
fountain13.jpg -9.609133851154526 6.622928255399777 1.0787064718920727
fountain15.jpg -6.918304921329178 4.635842112757343 -0.5859287801193768
fountain16.jpg -6.443760972037936 6.178685770455839 1.0479875485216879
fountain19.jpg -8.579662125086562 2.681512399176765 0.07516888862803439
fountain20.jpg -7.84519042432353 4.029189741353663 0.9878083915934844
Glas01.jpg 4.477211974725126 1.179324452471822 0.7121224405001171
Glas02.jpg 4.949420017185866 0.5381729491090246 0.6876923976667991
Glas03.jpg 4.10276916989588 -1.0911443061050634 0.9646939763922717
Glas04.jpg 3.881841575575918 3.395928871397159 -0.89568808351385
Glas06.jpg 0.8245845234684299 4.0377304461504675 -2.7498163669228752
Glas07.jpg 1.170002119484312 0.535306181320722 -1.8135357337644233
Glas08.jpg 1.8180316655507143 0.46840115533415194 -1.3321807310593408
Glas13.jpg 0.6636590382495998 0.19895843178692463 -0.9052505736940702
Glas14.jpg 0.7107560364331577 -1.147084357439512 -1.1303202165653514
Glas18.jpg 4.036379789883076 7.683673287254034 -2.5621682297184343
Glas19.jpg 2.780058544098295 2.0511713340772677 1.1016438265260782
Glas20.jpg 4.09474374434384 0.3893032672135753 0.56084946338728
hammer01.jpg -16.895458876667554 -2.817056456863557 4.499733346237682
hammer02.jpg -16.855605830505375 -4.396398936844366 2.488295109421597
hammer03.jpg -16.82951592259417 1.433633285912659 4.606894537901613
hammer04.jpg -13.419605503928688 -4.910650107876448 -8.190488778254062
hammer05.jpg -9.734469796336036 -4.565736273492372 -6.623078809173954
hammer08.jpg -10.591396711450582 -5.573308197020084 -13.469160908284971
hammer10.jpg -10.913669407884758 9.316385361171456 -1.7582170183701105
hammer12.jpg -16.202104342849772 9.364242162275312 1.725168088808762
hammer13.jpg -13.588008303550138 13.450623660376692 3.1584455269130025
hammer16.jpg -7.287297342929392 -10.431102916581663 -14.95792834145444
hammer19.jpg -14.454498313444855 9.466962151532996 -2.3137853299073656
hammer20.jpg -15.828563330059199 -5.4305387030981365 2.306115261779572
Heart01.jpg -1.0389109660376763 8.698650755892235 4.993020875322056
Heart02.jpg -3.829941721196609 10.4780162332241 7.445366954837858
Heart03.jpg -0.5539355483545931 9.869573048817285 6.25905449536658
Heart04.jpg -0.523967645788751 9.29277203949002 6.000590859581456
Heart08.jpg -3.223915378145903 7.796328071780912 5.309216394325669
Heart09.jpg -1.8266564381948245 10.105951827352909 5.030447347804457
Heart12.jpg -2.3552272351277455 10.264436011522168 4.1900598583647835
Heart14.jpg 2.2439737384110043 11.49560106755137 5.9291577485544895
Heart15.jpg -2.0867044355266566 9.019609207356142 4.419470680079492
Heart17.jpg -3.400707954985332 8.709539363022996 4.690806772549948
Heart19.jpg -2.6268533962941847 9.772460847700033 6.746936844122405
Heart20.jpg -1.5355187290618053 4.868679131840475 4.497939158385914
key01.jpg -13.116026553106215 2.9476902300056103 0.4296426584126956
key03.jpg -13.677741352430616 4.731894528899538 2.3657656093679753
key05.jpg -13.941337294134927 5.6210585785486185 0.8448729766340075
key06.jpg -15.198264174527278 2.41026028235218 3.880165260858036
key07.jpg -12.983546095857164 5.822859145964337 0.18730056888693114
key08.jpg -13.93797889424004 2.0506707122068795 5.168314072156514
key10.jpg -10.550545294516745 5.135028010919077 -0.24767059351757423
key13.jpg -14.878091475659614 3.3924944614406796 3.54081859814343
key14.jpg -12.07809555607074 4.379307019767858 3.696736441659269
key17.jpg -14.845088522873455 3.9069194143093267 5.872815089425962
key18.jpg -13.786073810112544 2.1429114838368184 3.32241426243803
key19.jpg -11.025922471259625 2.616270806099318 1.8143845677314503
Misk01.jpg 8.850970328680225 14.510700319817841 8.41884782576934
Misk02.jpg 11.190480309759247 10.107413246320423 7.614598518111846
Misk03.jpg 10.2181178194661 11.229269678403021 10.347288491367303
Misk04.jpg 5.974541839643982 11.568726517856652 8.321232546523973
Misk05.jpg 6.5987260298227 9.363695276027602 6.6373151726019275
Misk07.jpg 8.091196970116583 12.082991289389991 6.622853544896441
Misk09.jpg 7.691281435269893 9.225980338897047 7.321601444327209
Misk10.jpg 9.429056806042837 13.677560862329988 3.8751764414470657
Misk11.jpg 11.014031773203856 9.023616024916738 4.8841121375420045
Misk13.jpg 7.294571062668855 9.752465559038214 7.737027908293329
Misk16.jpg 10.624457904910935 10.474877894369174 8.877510033526587
Misk20.jpg 6.07914823964626 11.777772616033264 7.661688703255342
ray02.jpg -2.9765807916725495 2.328281440240689 11.086992706791271
ray03.jpg 10.48243863197302 10.223209189723047 6.350827918376465
ray04.jpg 12.123223630624462 6.052992668381125 5.607333075340125
ray05.jpg 10.663854042024624 1.419012911803832 14.430560068331587
ray09.jpg 5.174409531048632 2.9923509197717046 8.20412967675881
ray13.jpg 8.511059635260398 6.239376206619914 6.08760358352612
ray14.jpg 4.805828186870741 1.2012832012097527 10.94395513618774
ray15.jpg 8.821399973290466 17.467503020623067 3.1728572765046716
ray16.jpg 8.96451220584655 3.1326006432742095 12.086240262520453
ray17.jpg 8.780689017705209 7.539576149052854 3.7173325904755017
ray18.jpg 4.842892690862952 7.768155125227072 6.9182507277849705
ray20.jpg 10.616262540461479 2.4139465255361134 10.56033709606458
turtle01.jpg -5.907796155136172 14.66146095879388 2.047681764411485
turtle02.jpg -2.3593494593800046 -4.96355278761776 9.811699904393404
turtle04.jpg -10.47999886405839 8.973458057613856 8.168308816085794
turtle05.jpg -3.7703858024830663 16.02382209636138 2.0541142354096986
turtle07.jpg -3.6769034810842185 -0.8299972179716929 8.963208164777805
turtle09.jpg 0.21264611080552787 -0.7639883256694048 11.401536951149001
turtle10.jpg -8.936845495865175 8.964749044937207 6.876229475029945
turtle13.jpg -7.946081649963645 0.4459457079861592 10.996959053417182
turtle16.jpg -10.568492574016746 3.5801651455306485 6.915910159069527
turtle17.jpg 0.29482874825324656 17.930762349482226 -1.0525325083029824
turtle18.jpg -4.826958929728763 1.448862360695261 10.584871835537646
turtle20.jpg -6.274343257273611 3.3934604202480796 7.5796654522065365
